CGATS.17

ORIGINATOR	"Idealliance SCCA Calculator"
DESCRIPTOR	"GRACoL2013 CRPC6 IT8.7-5 (TC1617), Reference Data"
MEASUREMENT_SOURCE	"MeasurementCondition=M1 Filter=D50"
ILLUMINATION_NAME	"D50"
OBSERVER_ANGLE	"2"
FILTER	"D50"
WEIGHTING_FUNCTION	"ILLUMINANT,	D50"
WEIGHTING_FUNCTION	"OBSERVER,	2 degree"
KEYWORD	"DEVCALSTD"
DEVCALSTD	"Reference"
CREATED	"4/13/20 11:00 AM"

LGOROWLENGTH	49

NUMBER_OF_FIELDS	11
BEGIN_DATA_FORMAT
SAMPLE_ID	CMYK_C	CMYK_M	CMYK_Y	CMYK_K	XYZ_X	XYZ_Y	XYZ_Z	LAB_L	LAB_A	LAB_B
END_DATA_FORMAT

NUMBER_OF_SETS	1617
BEGIN_DATA
73	100	0	0	0	15.754	23.912	54.470	56.00	-37.00	-50.00
1276	100	40	40	100	0.936	1.117	1.187	9.93	-5.12	-3.93
1032	40	20	70	40	14.412	16.536	7.057	47.67	-9.09	21.66
1202	40	70	0	80	3.873	3.131	3.683	20.56	13.65	-7.91
1376	20	12	12	10	45.812	47.786	43.202	74.69	-0.75	-4.83
906	100	20	70	20	6.521	11.715	9.392	40.76	-40.94	0.94
62	70	85	0	0	12.208	8.961	20.079	35.91	27.32	-35.36
234	85	100	20	0	7.409	5.536	13.057	28.21	22.01	-31.95
17	10	85	0	0	32.334	18.943	19.969	50.62	60.22	-9.77
113	30	40	10	0	36.922	33.946	36.884	64.92	14.29	-13.40
434	30	10	55	0	43.664	49.255	23.391	75.61	-10.91	26.57
1057	40	20	100	40	13.674	15.966	3.569	46.93	-10.51	38.30
462	70	20	55	0	18.894	25.553	19.465	57.61	-26.87	3.34
998	0	40	40	40	23.274	20.412	11.085	52.30	16.92	15.33
245	0	10	30	0	71.895	72.003	41.580	87.97	5.25	20.11
573	0	55	85	0	43.955	34.224	6.437	65.14	35.07	54.44
29	30	10	0	0	51.313	54.444	62.340	78.72	-3.09	-18.84
14	10	40	0	0	50.543	43.555	44.831	71.93	24.14	-11.59
1284	100	0	100	100	0.876	1.306	0.846	11.32	-13.43	3.66
410	0	40	55	0	52.621	45.302	17.463	73.09	24.59	34.42
1502	0	40	10	10	46.640	39.623	32.791	69.20	25.25	-0.14
1375	40	27	27	10	28.373	29.845	27.183	61.52	-1.57	-4.47
296	55	85	30	0	15.028	10.642	13.397	38.97	32.14	-14.33
818	20	70	20	20	21.191	15.261	13.917	45.99	34.54	-3.62
922	20	0	100	20	34.736	40.127	5.453	69.56	-13.02	66.66
1614	0	0	100	10	56.765	60.668	6.116	82.20	-4.22	85.30
1313	0	75	0	0	40.372	25.459	24.333	57.52	57.16	-6.36
919	10	40	100	20	28.461	25.814	3.904	57.86	14.55	55.01
1562	40	0	10	10	38.580	44.709	47.845	72.70	-13.89	-13.84
1422	3	0	3	3	76.380	79.389	68.595	91.41	-0.34	-2.86
1003	20	40	40	40	17.311	16.104	10.584	47.11	10.04	7.95
702	55	100	100	0	11.942	8.027	3.107	34.04	33.54	19.24
357	30	55	40	0	29.411	24.984	18.431	57.06	21.66	4.62
395	85	85	40	0	7.647	6.780	11.480	31.30	10.94	-22.08
169	0	70	20	0	41.741	28.024	20.433	59.91	51.04	5.29
95	10	40	10	0	49.034	42.494	38.377	71.21	23.19	-4.59
524	40	10	70	0	35.650	42.582	15.653	71.27	-17.30	35.55
1131	40	0	40	60	11.037	13.306	9.392	43.22	-12.49	5.18
1558	20	70	20	10	25.616	18.268	16.684	49.82	37.72	-3.90
145	85	0	10	0	19.393	28.346	48.884	60.20	-35.50	-36.59
1149	0	70	70	60	10.397	7.785	2.852	33.53	24.49	20.25
1553	20	40	20	10	34.164	30.861	26.742	62.39	15.92	-2.22
1453	40	0	3	3	45.200	51.798	61.035	77.16	-13.14	-20.25
555	85	55	70	0	9.008	11.457	9.455	40.34	-15.97	0.00
307	85	0	30	0	17.431	27.408	35.475	59.35	-42.07	-21.03
303	70	55	30	0	14.941	15.283	20.532	46.02	1.23	-18.86
248	0	40	30	0	54.771	46.751	28.618	74.03	26.03	14.71
178	10	70	20	0	36.014	24.749	20.112	56.83	46.16	0.64
626	70	40	85	0	14.254	17.921	7.575	49.40	-17.52	22.54
9	0	100	0	0	33.318	16.794	15.421	48.00	75.00	-4.00
1156	40	0	70	60	10.243	12.806	5.425	42.47	-15.22	20.09
773	10	10	10	20	44.037	45.058	38.321	72.93	1.73	-1.55
408	0	20	55	0	62.775	60.520	22.160	82.12	10.42	40.14
142	70	70	10	0	13.767	11.890	22.038	41.04	15.47	-30.45
1292	80	0	0	0	22.847	31.169	58.139	62.65	-29.61	-42.36
881	10	10	70	20	38.405	40.664	11.597	69.94	-2.55	44.19
1530	10	40	70	10	36.199	32.520	10.080	63.77	16.86	38.30
1436	40	3	0	0	47.075	53.025	65.449	77.89	-10.99	-23.25
250	0	70	30	0	41.366	27.935	17.506	59.83	50.25	11.46
1047	0	20	100	40	24.943	24.698	3.436	56.78	4.88	56.16
254	10	10	30	0	62.552	64.702	40.626	84.33	0.38	15.06
265	20	30	30	0	44.687	43.111	31.386	71.63	9.22	6.18
833	100	10	20	20	9.254	14.549	25.233	45.01	-34.05	-29.55
527	40	40	70	0	26.903	27.255	11.540	59.21	2.54	25.86
759	70	100	0	20	8.128	5.443	12.110	27.96	29.75	-29.70
58	70	30	0	0	21.463	24.253	43.639	56.34	-8.79	-37.01
1543	20	10	20	10	45.651	48.421	38.869	75.09	-2.93	1.44
883	10	40	70	20	29.635	26.758	8.532	58.75	15.23	35.01
1140	70	100	40	60	3.662	2.861	3.398	19.48	15.13	-7.89
491	0	40	70	0	51.418	44.392	12.043	72.49	24.04	47.27
1200	40	0	0	80	5.561	6.260	7.086	30.06	-5.36	-8.82
567	100	100	70	0	4.314	4.187	5.838	24.28	3.88	-13.27
976	20	0	20	40	26.383	29.123	22.966	60.89	-6.82	1.99
1475	0	3	3	40	34.787	35.557	30.220	66.18	1.72	-1.40
790	70	0	10	20	18.670	24.749	35.401	56.83	-24.66	-25.27
200	40	10	20	0	41.161	46.533	44.404	73.89	-10.98	-7.69
204	40	55	20	0	26.478	22.920	25.085	54.99	19.00	-12.08
249	0	55	30	0	47.511	36.473	22.802	66.88	37.68	12.63
857	40	10	40	20	26.258	30.520	21.544	62.10	-12.55	6.83
331	0	70	40	0	40.950	27.792	14.808	59.70	49.54	17.71
1070	100	100	100	40	2.548	2.651	2.136	18.59	-0.16	0.48
813	10	100	20	20	19.978	10.940	8.834	39.48	56.73	0.69
1537	20	0	10	10	51.826	56.504	50.862	79.90	-6.83	-4.86
677	30	10	100	0	40.183	46.161	6.720	73.65	-12.95	67.88
147	85	20	10	0	16.437	22.012	40.116	54.04	-24.66	-36.50
332	0	85	40	0	36.144	21.257	11.197	53.23	62.11	16.59
199	40	0	20	0	45.216	53.178	49.432	77.98	-16.63	-6.56
713	85	10	100	0	11.464	20.782	6.796	52.71	-50.30	31.45
275	30	40	30	0	34.863	32.716	26.968	63.93	11.68	0.05
1381	10	6	6	20	46.139	47.865	42.671	74.74	-0.04	-4.08
983	40	40	20	40	13.815	13.434	13.876	43.41	5.56	-7.96
1190	70	100	100	60	3.153	2.679	1.562	18.71	10.28	6.54
247	0	30	30	0	60.058	54.444	32.800	78.72	18.73	16.26
1110	40	100	20	60	5.711	3.792	4.086	22.97	26.93	-6.25
146	85	10	10	0	17.920	25.097	44.373	57.17	-30.05	-36.48
77	100	40	0	0	11.053	13.921	35.546	44.12	-16.25	-47.39
748	40	0	0	20	32.818	37.446	45.537	67.61	-11.29	-19.89
516	30	20	70	0	38.421	41.781	14.398	70.72	-5.86	37.76
649	0	0	100	0	69.631	74.164	7.038	89.00	-4.00	93.00
767	0	10	10	20	50.572	50.279	39.526	76.24	5.64	2.55
1108	40	40	20	60	8.394	8.212	8.313	34.42	4.27	-6.13
506	20	10	70	0	49.434	53.963	16.071	78.44	-6.89	46.90
468	70	100	55	0	9.442	6.771	7.747	31.28	26.67	-9.38
1010	40	100	40	40	8.464	5.495	4.911	28.10	32.13	-2.05
1080	20	100	0	60	7.546	4.549	5.010	25.41	35.38	-7.21
785	40	10	10	20	28.847	32.142	35.170	63.46	-8.09	-13.51
1275	100	0	40	100	0.913	1.254	1.381	10.95	-10.39	-4.69
736	10	0	0	20	50.057	52.772	50.073	77.74	-2.20	-7.70
483	100	55	55	0	7.015	9.745	12.777	37.38	-21.36	-15.36
936	70	20	100	20	11.582	16.567	4.904	47.71	-27.91	31.80
1133	40	40	40	60	7.943	7.989	6.370	33.96	2.21	0.98
538	55	70	70	0	15.457	13.279	7.989	43.18	16.53	10.20
1574	40	20	40	10	29.162	32.349	23.474	63.63	-7.61	5.76
869	100	10	40	20	8.226	14.012	18.255	44.25	-39.59	-17.08
1038	70	40	70	40	7.302	8.869	5.752	35.73	-11.43	6.88
31	30	30	0	0	42.468	40.949	49.101	70.14	9.13	-19.70
480	100	20	55	0	9.488	16.724	17.999	47.91	-44.64	-10.20
216	55	100	20	0	13.954	8.664	12.886	35.33	41.26	-19.20
1271	0	100	40	100	1.563	1.213	0.743	10.65	11.68	4.35
11	10	10	0	0	67.743	68.308	66.203	86.16	4.15	-9.70
229	85	30	20	0	14.267	18.764	31.019	50.41	-21.79	-29.84
1233	40	40	70	80	3.957	4.162	2.230	24.20	-0.81	9.29
478	100	0	55	0	11.017	21.470	21.154	53.46	-56.77	-7.29
945	100	100	100	20	3.087	3.211	2.616	20.87	-0.15	0.27
1409	100	0	100	70	2.730	4.974	2.380	26.66	-31.48	12.22
277	30	70	30	0	25.988	19.131	17.031	50.84	34.87	-2.95
630	70	100	85	0	8.671	6.462	4.186	30.55	23.36	6.22
879	0	100	70	20	21.944	12.084	3.816	41.35	58.07	27.09
1075	0	100	0	60	9.345	5.347	4.860	27.70	41.31	-2.47
174	10	20	20	0	58.307	57.161	42.906	80.27	7.86	5.16
1028	20	40	70	40	16.356	15.529	5.883	46.35	8.03	24.57
1484	40	3	40	40	18.157	21.684	15.208	53.69	-13.80	6.34
962	70	20	0	40	10.976	12.899	21.497	42.61	-10.31	-26.68
895	40	40	70	20	18.335	18.713	8.328	50.35	1.53	21.28
1448	40	0	0	3	45.701	52.116	63.849	77.35	-12.53	-22.66
541	70	0	70	0	20.745	31.888	16.188	63.25	-41.99	20.43
903	70	100	70	20	6.704	5.094	4.386	27.00	20.25	-1.06
691	40	70	100	0	19.398	15.566	3.908	46.40	24.01	35.23
115	30	70	10	0	27.385	19.852	22.963	51.67	36.98	-13.90
20	20	10	0	0	59.200	61.133	64.260	82.45	0.61	-14.26
1586	70	0	0	10	23.460	30.274	49.871	61.89	-23.59	-34.80
1160	40	100	70	60	5.186	3.685	2.187	22.60	22.36	6.92
35	30	85	0	0	24.463	15.195	20.178	45.90	49.72	-18.34
871	100	40	40	20	6.466	9.286	13.725	36.53	-23.29	-19.42
159	100	55	10	0	8.949	10.578	25.740	38.86	-10.09	-41.05
746	20	70	0	20	22.505	15.989	18.685	46.96	36.47	-13.35
261	10	100	30	0	28.710	15.313	10.615	46.06	66.38	6.04
1	0	0	0	0	85.014	87.618	76.933	95.00	1.00	-4.00
1124	0	70	40	60	10.811	7.941	4.574	33.86	26.19	9.71
981	40	0	20	40	19.848	23.329	21.653	55.41	-12.58	-4.92
353	30	10	40	0	45.310	50.492	32.048	76.37	-9.42	13.34
422	10	85	55	0	30.512	18.578	8.579	50.19	55.42	20.08
246	0	20	30	0	65.850	62.957	37.129	83.42	11.78	18.16
849	10	100	40	20	19.624	10.940	6.645	39.48	54.97	9.29
37	40	0	0	0	48.400	55.189	67.693	79.15	-12.76	-23.17
1418	3	0	0	3	77.005	79.878	71.772	91.63	-0.03	-5.34
949	0	70	0	40	18.992	13.111	12.454	42.93	36.91	-4.88
1228	0	0	70	80	7.517	8.222	2.897	34.44	-3.82	21.48
19	20	0	0	0	65.125	70.190	72.249	87.09	-5.66	-13.59
1256	100	0	100	80	1.956	3.392	1.749	21.55	-25.50	9.39
56	70	10	0	0	25.715	31.864	54.344	63.23	-19.67	-37.40
843	0	100	40	20	22.704	12.281	6.512	41.66	60.22	13.63
689	40	40	100	0	25.495	26.172	5.268	58.20	1.09	48.00
503	10	85	70	0	29.853	18.285	6.166	49.84	54.46	29.28
1346	0	0	2	0	84.519	87.216	74.475	94.83	0.80	-2.19
1496	0	20	0	10	57.653	54.410	49.627	78.70	13.04	-5.54
631	85	0	85	0	12.923	24.042	10.421	56.13	-55.03	24.02
520	30	70	70	0	24.064	18.218	7.855	49.76	31.35	22.06
1610	70	70	70	10	9.597	9.223	6.866	36.41	5.81	3.05
910	0	0	100	20	46.235	49.579	5.328	75.81	-4.38	78.06
636	85	55	85	0	8.544	11.209	6.598	39.93	-18.17	10.27
1130	20	100	40	60	7.024	4.474	3.164	25.18	31.32	3.56
278	30	85	30	0	22.873	14.585	13.280	45.06	46.33	-3.51
1457	40	40	3	3	30.959	29.214	38.062	60.97	10.61	-21.82
1548	20	20	20	10	41.592	42.086	34.716	70.93	3.09	0.02
1255	70	100	100	80	1.994	1.775	1.123	14.26	6.80	4.43
334	10	0	40	0	67.097	72.670	37.366	88.29	-6.45	26.23
345	20	20	40	0	47.980	49.223	29.432	75.59	1.43	16.08
268	20	70	30	0	30.408	21.647	17.128	53.65	40.12	1.67
368	40	85	40	0	19.117	12.780	11.447	42.43	39.70	-2.79
947	0	20	0	40	30.112	28.525	25.824	60.36	10.09	-4.13
374	55	40	40	0	22.424	23.793	21.765	55.88	-2.35	-4.33
552	85	20	70	0	12.153	19.633	13.212	51.42	-39.91	7.64
858	40	20	40	20	23.938	26.587	19.380	58.59	-7.26	5.21
899	70	10	70	20	13.631	19.765	10.723	51.57	-30.78	15.20
411	0	55	55	0	45.925	35.609	14.172	66.22	36.08	30.59
189	20	100	20	0	24.811	13.516	12.407	43.53	61.43	-3.71
454	55	30	55	0	23.567	27.169	18.258	59.13	-11.22	8.57
1141	100	0	40	60	4.095	6.810	8.226	31.37	-29.74	-11.06
171	0	100	20	0	33.365	17.167	12.039	48.47	73.14	5.87
71	85	85	0	0	8.924	7.134	19.824	32.11	18.80	-41.38
226	85	0	20	0	18.406	27.902	41.934	59.80	-38.83	-28.91
318	100	20	30	0	11.044	17.635	28.259	49.05	-37.57	-27.77
1039	70	70	70	40	5.782	5.638	4.239	28.48	3.98	2.34
1295	60	0	0	0	34.311	42.217	62.993	71.02	-20.77	-32.75
68	85	40	0	0	14.341	16.692	36.880	47.87	-10.39	-42.79
657	0	100	100	0	30.198	16.019	2.298	47.00	68.00	48.00
1006	40	0	40	40	18.691	22.583	15.702	54.64	-15.11	6.76
764	100	70	0	20	6.119	6.147	17.130	29.78	2.11	-39.49
781	20	40	10	20	28.872	25.929	25.710	57.97	15.67	-8.05
127	55	0	10	0	36.079	44.423	54.955	72.51	-21.21	-22.05
93	10	20	10	0	59.720	58.128	50.387	80.81	8.92	-2.76
403	100	70	40	0	6.509	7.491	13.700	32.90	-7.19	-25.61
28	30	0	0	0	56.413	62.427	69.985	83.14	-9.14	-18.38
564	100	55	70	0	6.522	9.522	9.353	36.97	-24.60	-5.46
63	70	100	0	0	10.840	7.015	16.735	31.84	35.11	-35.02
927	20	100	100	20	15.443	9.186	2.235	36.34	45.93	30.18
279	30	100	30	0	20.939	11.902	10.966	41.06	54.59	-3.68
740	10	70	0	20	25.662	17.741	18.749	49.18	40.67	-9.66
1245	0	40	100	80	5.636	5.380	1.354	27.79	5.30	24.68
930	40	20	100	20	20.912	24.303	4.787	56.39	-11.62	47.39
1210	100	70	0	80	1.959	1.959	3.638	15.27	1.66	-16.74
425	20	10	55	0	50.992	55.293	23.841	79.21	-6.05	31.94
494	0	85	70	0	34.917	20.800	6.105	52.73	60.14	34.54
1044	100	70	70	40	3.353	4.091	4.285	23.97	-9.08	-5.70
1262	0	100	0	100	1.605	1.172	0.833	10.35	14.10	2.20
778	20	0	10	20	42.536	46.424	41.771	73.82	-6.53	-4.53
1536	20	0	0	10	53.457	57.643	59.248	80.54	-5.37	-12.64
1414	3	3	0	0	79.387	81.289	73.472	92.26	1.99	-5.75
854	20	70	40	20	20.457	14.982	10.323	45.61	32.65	6.20
45	40	100	0	0	18.815	10.676	16.406	39.03	52.81	-21.85
540	55	100	70	0	12.568	8.295	5.707	34.59	35.45	5.13
1450	0	40	0	3	54.340	45.807	43.275	73.42	27.57	-7.11
824	40	70	20	20	15.852	12.211	13.814	41.55	25.85	-11.00
1531	10	70	0	10	30.911	21.184	22.456	53.15	44.14	-10.38
674	20	85	100	0	24.304	15.484	3.107	46.29	47.35	40.36
898	70	0	70	20	14.693	22.363	11.716	54.41	-36.43	17.06
575	0	85	85	0	34.029	20.314	4.111	52.19	59.42	43.98
1222	70	70	40	80	2.502	2.396	2.551	17.44	3.88	-5.11
929	40	10	100	20	22.852	27.825	5.144	59.73	-17.00	51.27
443	40	10	55	0	37.079	43.733	22.920	72.05	-15.93	21.32
577	10	0	85	0	61.289	67.528	11.172	85.77	-8.76	72.77
1273	40	40	40	100	1.448	1.492	1.186	12.56	0.25	0.61
1053	20	40	100	40	15.720	15.070	2.987	45.73	7.07	40.27
1246	0	70	100	80	4.839	3.930	1.149	23.44	14.43	19.89
620	55	85	85	0	13.271	9.960	4.659	37.77	26.39	15.98
1258	100	70	100	80	1.562	1.916	1.321	15.04	-7.27	3.11
1391	20	12	12	60	13.673	14.342	12.893	44.72	-0.99	-3.03
401	100	40	40	0	8.716	12.833	19.510	42.51	-27.80	-22.79
428	20	40	55	0	38.488	35.440	17.062	66.09	14.31	23.27
769	0	40	10	20	38.353	32.716	27.027	63.93	23.19	-0.05
78	100	55	0	0	9.488	10.817	29.575	39.27	-7.40	-46.77
1220	70	0	40	80	3.417	4.629	4.394	25.65	-15.29	-3.43
1571	40	20	0	10	33.175	34.707	44.526	65.52	-1.02	-22.27
1332	0	0	80	0	71.283	75.808	13.282	89.77	-3.80	73.57
721	100	0	100	0	8.045	18.419	6.980	50.00	-66.00	26.00
863	70	10	40	20	15.270	20.836	19.905	52.77	-25.91	-5.93
1226	100	70	40	80	1.772	1.929	2.562	15.11	-2.14	-9.22
1583	40	70	20	10	19.058	14.549	16.525	45.01	28.28	-11.82
156	100	20	10	0	12.485	18.285	38.455	49.84	-30.84	-41.54
507	20	20	70	0	45.051	46.969	14.545	74.17	-0.68	43.33
851	20	10	40	20	35.349	38.162	22.589	68.14	-4.82	15.21
1027	20	20	70	40	19.310	20.421	7.151	52.31	-1.91	29.27
1096	0	0	20	60	19.151	20.118	13.767	51.97	-1.25	7.09
1504	0	40	40	10	44.358	38.217	20.035	68.18	23.14	20.37
948	0	40	0	40	25.090	21.451	19.980	53.44	19.90	-4.93
1437	3	40	0	0	55.358	46.922	45.478	74.14	27.03	-8.56
587	20	10	85	0	48.185	52.805	10.141	77.76	-7.36	62.22
30	30	20	0	0	46.791	47.487	55.629	74.50	2.83	-19.33
973	0	40	20	40	24.148	20.937	15.133	52.88	18.27	5.13
1268	100	100	0	100	1.007	0.876	1.007	7.91	6.23	-4.82
364	40	30	40	0	32.042	33.633	25.219	64.67	-1.39	4.37
774	10	20	10	20	40.159	39.206	34.053	68.90	7.45	-2.52
154	100	0	10	0	14.715	23.496	46.695	55.58	-41.34	-42.01
311	85	40	30	0	12.352	15.754	23.728	46.65	-17.99	-23.99
108	20	100	10	0	25.146	13.543	14.148	43.57	62.68	-8.40
1264	40	40	0	100	1.505	1.464	1.461	12.38	2.63	-3.20
1343	0	0	7	0	83.433	86.322	68.859	94.45	0.38	2.14
1435	7	7	7	7	62.208	63.740	54.707	83.83	1.74	-2.27
1526	10	40	0	10	41.712	36.092	37.131	66.59	22.16	-10.86
637	85	70	85	0	7.377	8.409	5.627	34.82	-6.79	5.91
616	55	30	85	0	21.624	25.762	8.329	57.81	-14.37	34.14
417	10	20	55	0	54.206	54.083	21.866	78.51	5.29	34.49
1393	100	85	85	80	1.540	1.677	1.432	13.69	-2.06	-0.59
219	70	20	20	0	21.840	27.266	36.332	59.22	-19.44	-22.46
288	40	100	30	0	17.813	10.503	11.083	38.73	48.86	-8.06
600	30	55	85	0	26.858	23.418	6.410	55.50	18.35	37.94
1011	70	0	40	40	11.062	15.611	14.476	46.46	-26.27	-4.27
348	20	55	40	0	34.391	28.168	18.604	60.04	26.83	9.38
1388	80	65	65	60	3.421	3.708	3.331	22.68	-2.43	-1.92
1018	100	40	40	40	4.714	6.580	9.365	30.83	-19.02	-16.09
176	10	40	20	0	48.072	41.941	32.871	70.83	22.20	2.55
670	20	30	100	0	39.391	39.095	5.669	68.82	5.40	64.33
1127	20	20	40	60	12.000	12.494	7.952	41.99	-0.32	8.29
760	100	0	0	20	11.244	16.960	37.094	48.21	-32.49	-42.50
1617	100	100	0	10	5.352	4.131	14.229	24.10	17.89	-42.18
1118	100	40	20	60	3.495	4.477	7.650	25.19	-12.07	-19.50
1577	40	40	10	10	26.401	25.159	30.024	57.23	9.03	-16.52
1609	70	70	40	10	10.549	9.646	12.021	37.20	9.83	-13.51
777	10	100	10	20	20.157	10.917	10.068	39.44	57.78	-3.61
1539	20	0	40	10	47.718	53.484	30.351	78.16	-10.37	19.05
1237	70	40	70	80	2.708	3.237	2.239	20.97	-7.38	3.64
568	0	0	85	0	70.732	75.271	11.177	89.52	-3.89	79.22
711	70	100	100	0	8.401	6.330	3.179	30.23	22.39	12.16
81	100	100	0	0	5.873	4.415	16.390	25.00	20.00	-46.00
328	0	30	40	0	59.019	53.689	27.246	78.28	18.15	24.32
299	70	10	30	0	22.726	30.496	34.157	62.08	-27.70	-14.43
888	20	20	70	20	30.168	31.671	10.389	63.07	-1.38	36.09
1239	70	100	70	80	2.114	1.823	1.487	14.53	8.34	0.20
1525	10	20	70	10	43.216	43.481	12.505	71.88	3.85	44.89
738	10	20	0	20	41.761	40.339	39.732	69.71	8.86	-8.98
1519	10	10	40	10	50.210	52.334	28.010	77.48	-0.67	21.66
280	40	0	30	0	43.774	52.233	41.572	77.42	-18.39	1.93
309	85	20	30	0	14.847	21.285	29.438	53.26	-30.54	-22.43
1372	20	12	12	0	55.609	57.930	52.263	80.70	-0.62	-5.03
754	70	0	0	20	19.522	25.159	40.972	57.23	-22.05	-32.11
586	20	0	85	0	52.894	60.483	11.150	82.10	-13.54	66.51
599	30	40	85	0	30.880	30.030	7.548	61.68	7.26	43.82
1283	40	100	100	100	1.278	1.160	0.703	10.26	5.14	4.43
1528	10	40	20	10	39.666	34.771	27.326	65.57	20.27	2.27
1428	7	7	7	0	71.162	72.837	62.409	88.37	1.98	-2.27
451	55	0	55	0	30.717	41.049	24.179	70.21	-30.11	15.80
155	100	10	10	0	13.576	20.791	42.435	52.72	-36.09	-41.75
1424	3	3	3	3	74.495	76.584	66.658	90.13	1.34	-3.28
1090	70	100	0	60	4.061	2.944	5.343	19.82	19.56	-18.55
158	100	40	10	0	10.389	13.625	30.861	43.69	-19.36	-41.18
1098	0	40	20	60	14.108	12.397	8.983	41.84	14.16	4.23
380	70	10	40	0	21.786	29.949	28.621	61.61	-29.99	-6.71
749	40	10	0	20	29.969	32.765	40.825	63.97	-6.01	-20.30
1002	20	20	40	40	20.584	21.322	13.264	53.30	0.12	10.74
83	0	10	10	0	75.356	74.716	58.384	89.26	6.85	3.27
832	100	0	20	20	9.999	16.427	27.699	47.53	-38.93	-29.46
1225	100	40	40	80	1.926	2.503	3.130	17.93	-10.58	-8.70
579	10	20	85	0	51.483	51.748	9.304	77.13	4.21	63.95
835	100	40	20	20	7.196	9.635	18.620	37.18	-18.71	-30.07
741	10	100	0	20	20.418	10.929	11.387	39.46	58.97	-7.73
1174	0	70	100	60	9.992	7.565	1.679	33.06	23.39	29.99
151	85	70	10	0	10.006	9.516	21.521	36.96	6.69	-36.47
429	20	55	55	0	33.422	27.627	13.970	59.55	25.58	19.62
1078	20	40	0	60	11.668	10.537	11.319	38.79	11.15	-8.68
305	70	85	30	0	11.170	8.629	13.380	35.26	22.79	-20.68
956	40	0	0	40	21.103	24.082	28.861	56.17	-9.76	-16.48
1181	40	0	100	60	9.670	12.339	2.862	41.75	-16.62	34.35
369	40	100	40	0	17.505	10.434	9.556	38.61	47.73	-3.33
1103	20	40	20	60	10.742	9.921	8.517	37.70	9.12	-1.23
514	30	0	70	0	46.382	55.067	17.515	79.08	-18.06	44.63
928	40	0	100	20	24.921	31.731	5.527	63.12	-22.54	55.19
463	70	30	55	0	17.306	22.107	17.678	54.14	-20.29	1.26
419	10	40	55	0	45.144	40.113	17.251	69.55	19.50	28.80
590	20	40	85	0	36.537	33.997	7.572	64.96	12.85	49.38
281	40	10	30	0	39.876	45.699	37.528	73.35	-12.61	0.25
1036	70	0	70	40	9.959	14.946	8.142	45.56	-30.75	13.72
882	10	20	70	20	35.295	35.622	10.541	66.23	3.23	41.05
1296	50	0	0	0	41.075	48.501	65.330	75.14	-16.63	-27.88
72	85	100	0	0	7.860	5.528	16.695	28.19	26.32	-41.22
799	100	40	10	20	7.609	9.821	21.463	37.52	-16.23	-35.39
13	10	30	0	0	55.877	51.084	51.568	76.73	17.16	-11.11
900	70	20	70	20	12.591	17.352	9.825	48.70	-25.21	13.16
399	100	20	40	0	10.389	17.263	23.834	48.59	-40.48	-20.84
865	70	40	40	20	11.724	13.591	14.710	43.64	-9.36	-9.73
1324	0	5	0	0	80.986	81.695	72.413	92.44	4.34	-4.51
924	20	20	100	20	28.998	30.684	4.707	62.24	-2.25	57.91
1267	100	40	0	100	0.976	1.075	1.492	9.60	-2.20	-8.36
1064	70	70	100	40	5.350	5.405	2.524	27.86	1.65	13.07
99	10	100	10	0	29.037	15.202	13.929	45.91	68.29	-3.79
1567	40	10	10	10	35.182	39.206	43.071	68.90	-8.66	-14.65
566	100	85	70	0	4.846	5.306	6.670	27.59	-3.37	-11.32
446	40	40	55	0	27.944	27.968	16.692	59.86	3.90	13.39
866	70	70	40	20	8.961	8.236	10.105	34.47	8.94	-12.30
224	70	85	20	0	11.504	8.736	15.380	35.47	24.29	-25.50
837	100	100	20	20	4.475	3.777	9.597	22.92	11.92	-30.52
977	20	20	20	40	21.740	22.116	18.341	54.15	1.95	-0.20
845	10	10	40	20	40.799	42.611	23.078	71.29	-0.88	19.71
319	100	30	30	0	10.112	15.283	25.561	46.02	-31.54	-28.39
202	40	30	20	0	33.971	34.797	35.249	65.59	1.46	-9.95
1485	3	40	40	40	22.256	19.677	10.978	51.47	15.89	14.23
968	100	40	0	40	5.725	7.032	16.323	31.88	-11.32	-33.98
680	30	40	100	0	30.302	29.557	5.207	61.27	6.88	53.60
342	10	100	40	0	28.475	15.306	9.090	46.05	65.51	11.11
959	40	70	0	40	11.471	8.833	12.282	35.66	23.24	-16.92
1597	70	20	10	10	18.986	23.056	35.084	55.13	-15.71	-27.75
1521	10	20	0	10	50.729	48.950	48.363	75.42	9.59	-9.75
18	10	100	0	0	29.223	15.136	15.777	45.82	69.39	-8.63
519	30	55	70	0	27.581	23.912	9.684	56.00	19.10	26.22
1565	40	0	70	10	32.259	40.282	14.619	69.67	-22.16	35.38
1542	20	10	10	10	46.963	49.336	45.720	75.66	-1.69	-6.23
413	0	85	55	0	35.621	21.119	8.481	53.08	61.01	25.42
489	0	20	70	0	61.164	59.161	15.029	81.38	9.87	54.53
967	100	20	0	40	6.695	9.139	20.000	36.25	-19.71	-34.61
1042	100	20	70	40	4.752	8.178	6.598	34.35	-33.71	0.65
661	10	30	100	0	46.285	44.107	5.611	72.30	10.89	70.61
726	100	55	100	0	5.880	9.212	4.963	36.39	-29.01	11.97
1112	70	20	20	60	6.330	7.709	9.667	33.37	-11.10	-12.74
1148	0	40	70	60	12.979	11.734	3.946	40.79	11.46	25.32
612	40	100	85	0	16.259	10.027	3.949	37.89	43.95	20.30
391	85	30	40	0	12.928	18.094	22.449	49.61	-26.89	-16.47
1171	0	0	100	60	16.460	17.954	2.748	49.44	-4.70	48.48
1094	100	70	0	60	3.203	3.222	7.264	20.91	1.64	-25.33
167	0	40	20	0	55.672	47.298	33.819	74.38	26.78	7.27
1218	40	70	40	80	3.522	3.004	2.501	20.06	10.47	-0.18
638	85	85	85	0	6.390	6.264	4.776	30.07	3.76	2.07
397	100	0	40	0	12.162	22.220	28.425	54.26	-52.09	-19.06
1316	0	50	0	0	51.995	40.849	39.075	70.07	35.98	-7.49
966	100	0	0	40	7.733	11.537	24.034	40.47	-27.78	-35.21
427	20	30	55	0	42.306	41.479	19.291	70.51	7.05	25.95
635	85	40	85	0	9.734	14.321	7.572	44.69	-28.78	14.43
912	0	20	100	20	39.279	38.421	4.583	68.33	7.16	69.09
490	0	30	70	0	56.087	51.415	13.511	76.93	16.82	50.81
138	70	20	10	0	22.692	27.638	42.279	59.56	-16.99	-29.76
864	70	20	40	20	14.060	18.277	18.093	49.83	-20.58	-7.10
1030	20	100	70	40	10.733	6.639	2.981	30.97	38.06	14.87
1598	70	20	20	10	18.285	22.766	30.170	54.83	-18.04	-20.89
1192	100	20	100	60	3.064	5.266	2.658	27.48	-29.04	11.33
450	40	100	55	0	17.081	10.331	7.483	38.43	46.20	3.99
457	55	70	55	0	16.060	13.577	11.070	43.62	18.12	0.41
1510	0	70	70	10	32.497	22.506	6.742	54.56	43.82	34.87
1020	100	100	40	40	3.214	2.925	5.205	19.74	6.86	-17.99
1231	0	100	70	80	4.375	2.947	1.301	19.83	23.89	11.63
466	70	70	55	0	11.802	11.029	10.980	39.63	8.47	-6.19
572	0	40	85	0	50.281	43.466	7.707	71.87	23.70	60.76
128	55	10	10	0	33.127	39.123	49.538	68.84	-15.50	-22.44
1449	40	3	0	3	44.476	50.115	61.809	76.14	-10.83	-22.77
289	55	0	30	0	33.518	42.919	39.631	71.50	-25.59	-5.76
1113	70	40	20	60	5.509	6.063	8.001	29.57	-3.85	-13.31
1524	10	20	40	10	45.860	45.561	25.051	73.26	5.55	19.48
1277	100	100	40	100	0.988	0.928	0.882	8.38	3.50	-2.02
209	55	10	20	0	31.914	38.435	42.389	68.34	-17.67	-14.76
16	10	70	0	0	37.260	25.335	26.875	57.40	47.81	-11.05
650	0	10	100	0	63.806	64.915	6.550	84.44	2.78	87.22
1257	100	40	100	80	1.724	2.496	1.520	17.90	-15.37	5.63
918	10	20	100	20	33.944	34.452	4.636	65.32	2.53	63.61
1168	100	40	70	60	2.914	4.259	3.749	24.51	-18.87	-1.52
312	85	55	30	0	10.672	12.218	19.844	41.56	-8.04	-25.13
1026	20	0	70	40	23.084	26.576	8.685	58.58	-11.00	34.16
1251	40	100	100	80	2.841	2.226	1.057	16.63	13.79	9.47
770	0	70	10	20	28.813	19.563	16.510	51.34	44.02	-0.87
496	10	0	70	0	62.883	69.052	17.993	86.53	-8.34	56.40
1439	40	3	3	0	46.536	52.704	62.598	77.70	-11.68	-20.85
1056	40	0	100	40	16.232	20.718	4.090	52.64	-19.78	44.88
923	20	10	100	20	31.736	35.156	5.067	65.87	-7.67	62.25
1170	100	100	70	60	2.195	2.173	2.402	16.37	2.19	-5.71
1427	0	7	7	0	78.122	78.395	63.490	90.96	5.09	1.15
1495	0	10	70	10	54.383	55.363	13.995	79.25	2.55	53.52
394	85	70	40	0	8.780	9.013	13.926	36.01	0.76	-20.85
645	100	55	85	0	6.133	9.345	6.616	36.64	-27.31	4.52
1615	0	100	100	10	25.168	13.659	2.168	43.74	62.04	43.54
632	85	10	85	0	12.150	21.451	9.650	53.44	-48.64	21.92
170	0	85	20	0	36.604	21.239	15.225	53.21	63.72	5.47
1111	70	0	20	60	7.271	9.695	11.687	37.29	-18.46	-12.37
745	20	40	0	20	30.112	26.791	30.006	58.78	16.90	-13.82
957	40	20	0	40	17.839	18.671	23.413	50.30	-0.87	-17.11
1336	0	0	50	0	75.362	79.566	30.793	91.49	-2.75	41.34
214	55	70	20	0	17.709	14.314	19.468	44.68	22.66	-18.96
1244	0	0	100	80	6.987	7.728	1.645	33.41	-4.52	30.96
950	0	100	0	40	15.365	8.364	7.787	34.73	52.41	-3.59
1570	40	10	70	10	29.474	35.259	13.293	65.95	-16.42	32.47
1434	0	7	7	7	68.085	68.408	55.524	86.21	4.68	0.97
1555	20	40	70	10	30.778	28.716	9.972	60.53	11.84	33.07
181	20	0	20	0	61.433	67.508	52.569	85.76	-8.38	3.36
644	100	40	85	0	6.946	11.890	7.566	41.04	-37.82	8.16
1072	0	20	0	60	17.137	16.357	14.675	47.44	7.67	-3.09
1100	0	100	20	60	9.230	5.405	3.918	27.86	39.67	3.20
160	100	70	10	0	7.622	7.917	21.084	33.81	-0.11	-41.03
816	20	20	20	20	34.031	34.490	28.517	65.35	2.70	-0.09
734	0	70	0	20	29.071	19.607	18.804	51.39	44.80	-5.97
1303	7	0	0	0	77.539	81.109	75.207	92.18	-1.33	-7.39
763	100	40	0	20	8.039	9.993	24.609	37.83	-13.60	-40.81
690	40	55	100	0	22.169	20.394	4.568	52.28	12.00	41.50
891	20	100	70	20	16.129	9.495	4.006	36.92	47.39	18.28
329	0	40	40	0	53.919	46.208	23.947	73.68	25.38	22.21
666	10	100	100	0	26.121	14.342	2.506	44.72	61.80	42.29
848	10	70	40	20	23.954	17.016	10.395	48.28	37.25	10.57
1185	40	100	100	60	4.924	3.574	1.476	22.21	20.80	13.57
624	70	20	85	0	16.905	24.072	9.050	56.16	-31.19	28.68
1184	40	70	100	60	5.710	4.984	1.792	26.69	10.88	17.81
549	70	100	70	0	9.043	6.630	5.811	30.95	24.80	-1.64
1564	40	0	40	10	35.078	42.450	28.842	71.18	-18.84	9.43
1460	40	0	40	3	40.120	48.517	32.783	75.15	-19.61	10.13
536	55	40	70	0	20.470	22.554	11.404	54.61	-6.08	18.34
1447	3	40	40	0	51.585	44.573	23.760	72.61	23.96	20.71
439	30	70	55	0	24.772	18.595	11.064	50.21	32.47	11.79
953	20	40	0	40	19.602	17.562	19.345	48.96	14.00	-11.32
570	0	20	85	0	59.794	57.930	9.424	80.70	9.57	69.69
576	0	100	85	0	31.119	16.552	3.383	47.69	68.44	40.85
504	10	100	70	0	27.471	15.019	5.117	45.66	63.23	27.15
117	30	100	10	0	21.646	12.028	14.347	41.26	57.07	-12.90
144	70	100	10	0	10.606	7.006	14.773	31.82	33.45	-30.27
206	40	85	20	0	19.953	13.078	15.398	42.88	41.95	-12.77
1063	70	40	100	40	6.794	8.548	3.187	35.10	-13.74	20.50
1169	100	70	70	60	2.464	2.935	2.959	19.78	-6.95	-4.26
794	70	70	10	20	9.955	8.669	15.532	35.34	13.27	-26.10
1308	0	98	0	0	33.630	17.159	15.810	48.46	74.11	-4.16
914	0	70	100	20	25.666	18.053	2.805	49.56	39.05	48.25
341	10	85	40	0	31.064	18.747	11.241	50.39	56.60	11.56
1177	20	20	100	60	10.854	11.728	2.481	40.78	-3.32	35.71
1573	40	20	20	10	31.016	33.520	32.981	64.58	-4.74	-8.39
1001	20	0	40	40	24.921	28.035	16.439	59.92	-8.75	14.09
688	40	30	100	0	28.017	30.649	5.757	62.21	-5.94	52.51
801	100	100	10	20	4.650	3.789	10.877	22.96	14.07	-34.61
671	20	40	100	0	35.907	33.470	5.148	64.54	12.57	59.54
603	30	100	85	0	19.323	11.402	3.830	40.25	50.14	25.11
1406	0	100	0	70	6.808	4.039	3.559	23.80	35.11	-1.52
1514	10	0	40	10	54.982	59.691	31.114	81.67	-6.37	23.91
1325	0	3	0	0	82.559	83.999	74.152	93.45	3.02	-4.29
381	70	20	40	0	20.068	26.278	26.035	58.30	-23.95	-8.05
723	100	20	100	0	7.489	15.173	6.427	45.87	-53.35	21.26
563	100	40	70	0	7.433	12.173	10.822	41.49	-35.00	-2.49
387	70	100	40	0	9.844	6.888	9.844	31.55	28.73	-16.47
695	55	10	100	0	25.039	33.383	6.786	64.47	-27.86	51.77
825	40	100	20	20	12.820	7.756	9.178	33.47	41.96	-10.89
1541	20	10	0	10	48.686	50.344	52.867	76.28	0.39	-13.31
1587	70	0	10	10	22.398	29.741	42.976	61.43	-26.39	-27.41
1178	20	40	100	60	9.378	9.165	2.159	36.30	4.51	30.80
608	40	40	85	0	26.054	26.619	7.551	58.62	1.61	38.53
1421	0	0	3	3	79.439	82.034	69.237	92.59	0.67	-1.41
510	20	55	70	0	32.561	27.093	9.710	59.06	24.65	31.41
1481	3	0	40	40	31.101	33.259	16.999	64.37	-3.52	20.45
1048	0	40	100	40	21.302	18.960	2.897	50.64	15.02	49.41
819	20	100	20	20	17.256	9.750	8.968	37.39	51.64	-3.39
718	85	70	100	0	7.114	8.270	4.227	34.54	-8.14	12.86
22	20	30	0	0	48.914	45.853	50.334	73.45	13.21	-15.39
1058	40	40	100	40	11.516	12.065	3.074	41.32	-0.84	32.03
36	30	100	0	0	22.012	12.078	16.252	41.34	58.43	-17.50
1289	95	0	0	0	16.892	25.118	55.074	57.19	-35.70	-48.59
336	10	20	40	0	55.862	55.363	30.065	79.25	6.26	21.38
623	70	10	85	0	18.228	27.321	9.830	59.27	-37.48	31.37
1503	0	40	20	10	45.839	39.136	28.065	68.85	24.50	6.69
205	40	70	20	0	22.817	17.287	19.702	48.62	30.73	-12.66
596	30	10	85	0	41.001	46.953	10.112	74.16	-12.63	56.11
362	40	10	40	0	38.687	44.906	31.268	72.83	-14.11	8.43
1229	0	40	70	80	6.082	5.730	2.233	28.72	6.28	17.06
822	40	20	20	20	25.479	27.539	27.074	59.47	-4.45	-7.82
1193	100	40	100	60	2.709	4.165	2.361	24.21	-21.32	8.16
1301	15	0	0	0	69.597	74.143	73.337	88.99	-4.03	-11.27
1165	70	100	70	60	3.379	2.780	2.309	19.14	12.15	-0.13
683	30	85	100	0	20.548	13.625	3.235	43.69	41.37	34.97
111	30	20	10	0	44.914	46.300	47.822	73.74	0.78	-12.02
1269	0	0	40	100	1.985	2.145	1.337	16.23	-1.89	4.96
1198	0	70	0	80	5.431	4.051	3.578	23.84	19.94	-1.57
1371	40	27	27	0	34.242	35.987	32.705	66.51	-1.57	-4.65
889	20	40	70	20	25.217	23.644	8.440	55.73	10.57	30.14
780	20	20	10	20	34.912	35.040	33.210	65.78	3.87	-6.66
1517	10	10	10	10	54.128	55.328	47.048	79.23	1.99	-1.65
137	70	10	10	0	24.810	31.599	46.958	63.01	-22.54	-29.51
1399	100	85	85	100	0.968	1.029	0.846	9.23	-0.89	0.05
1263	40	0	0	100	1.569	1.747	1.829	14.10	-3.03	-4.28
409	0	30	55	0	57.480	52.536	19.781	77.60	17.36	37.14
1104	20	70	20	60	8.532	6.471	5.761	30.57	22.07	-2.06
676	30	0	100	0	44.090	52.839	7.237	77.78	-19.02	72.83
1205	70	40	0	80	3.176	3.376	5.053	21.49	-1.32	-14.19
1547	20	20	10	10	42.709	42.801	40.635	71.42	4.33	-7.21
1212	0	0	40	80	7.698	8.246	4.626	34.49	-2.33	10.51
625	70	30	85	0	15.569	20.909	8.299	52.85	-24.50	25.70
1585	40	70	70	10	16.950	13.556	6.800	43.59	23.24	15.71
732	0	20	0	20	47.328	44.739	40.714	72.72	12.00	-5.07
123	40	55	10	0	27.384	23.437	29.150	55.52	20.38	-18.07
594	20	100	85	0	22.829	12.958	3.688	42.70	56.30	30.23
372	55	20	40	0	27.186	32.385	27.171	63.66	-15.50	-0.76
162	100	100	10	0	5.717	4.510	14.695	25.29	17.00	-41.33
467	70	85	55	0	10.367	8.364	9.023	34.73	19.09	-8.17
141	70	55	10	0	16.113	15.852	27.518	46.78	4.80	-30.45
756	70	20	0	20	16.444	19.416	33.386	51.17	-12.25	-32.11
1431	7	7	0	7	63.304	64.316	60.437	84.13	2.97	-7.64
1382	80	65	65	40	5.025	5.446	4.931	27.97	-2.76	-2.38
742	20	0	0	20	43.856	47.314	48.479	74.39	-5.09	-11.66
652	0	30	100	0	53.896	49.530	5.568	75.78	16.27	76.82
215	55	85	20	0	15.419	10.782	15.427	39.21	33.42	-19.17
1572	40	20	10	10	32.041	34.098	38.490	65.04	-2.99	-15.38
1211	100	100	0	80	1.806	1.540	2.737	12.86	8.39	-14.50
1007	40	20	40	40	15.560	17.287	12.791	48.62	-6.32	3.98
1191	100	0	100	60	3.494	6.622	3.005	30.93	-36.82	14.62
258	10	55	30	0	40.916	32.263	22.372	63.56	32.80	7.73
716	85	40	100	0	9.355	14.068	5.557	44.33	-30.29	22.65
370	55	0	40	0	32.351	42.173	33.009	70.99	-27.52	2.62
55	70	0	0	0	28.150	36.355	60.531	66.79	-25.16	-37.63
855	20	100	40	20	16.833	9.695	6.762	37.29	49.75	5.01
810	10	20	20	20	39.220	38.613	29.198	68.47	6.37	4.18
663	10	55	100	0	36.886	29.718	4.351	61.41	29.30	58.47
213	55	55	20	0	20.635	19.054	24.502	50.75	11.36	-18.34
725	100	40	100	0	6.623	11.684	5.633	40.71	-39.67	16.04
850	20	0	40	20	39.133	43.957	25.187	72.20	-9.98	17.41
703	70	0	100	0	18.739	30.007	7.278	61.66	-45.12	44.87
911	0	10	100	20	42.645	43.748	4.949	72.06	1.38	73.54
1013	70	40	40	40	8.042	9.271	9.857	36.50	-7.84	-7.98
1105	20	100	20	60	7.231	4.500	3.994	25.26	33.01	-1.75
905	100	10	70	20	6.989	13.245	10.158	43.13	-46.40	2.46
1370	60	45	45	0	19.152	20.367	18.599	52.25	-2.45	-4.04
23	20	40	0	0	44.296	39.136	43.858	68.85	20.07	-15.71
931	40	40	100	20	17.340	17.970	4.061	49.46	0.07	39.57
294	55	55	30	0	19.976	18.722	21.106	50.36	9.82	-12.54
114	30	55	10	0	31.812	26.299	29.590	58.32	25.15	-13.95
315	85	100	30	0	7.164	5.502	11.440	28.12	20.03	-27.44
515	30	10	70	0	42.195	48.040	15.876	74.85	-11.99	41.18
1077	20	20	0	60	13.661	13.591	14.160	43.64	3.59	-8.31
237	100	20	20	0	11.738	17.970	33.110	49.46	-34.35	-34.65
1505	0	40	70	10	42.223	36.672	10.224	67.03	21.80	43.45
1344	0	0	5	0	83.863	86.675	71.064	94.60	0.55	0.41
32	30	40	0	0	38.473	34.989	42.929	65.74	15.77	-19.92
322	100	70	30	0	6.846	7.616	15.933	33.17	-4.90	-30.82
1163	70	40	70	60	4.738	5.699	3.816	28.64	-9.28	5.18
791	70	10	10	20	17.271	21.899	32.004	53.92	-19.53	-25.30
1600	70	20	70	10	15.017	20.800	11.596	52.73	-27.24	14.52
1582	40	70	10	10	19.650	14.859	19.130	45.44	29.41	-16.93
565	100	70	70	0	5.629	7.147	7.925	32.14	-13.54	-8.59
1086	70	0	0	60	7.809	9.937	15.173	37.73	-15.27	-21.09
389	85	10	40	0	15.293	23.763	27.173	55.85	-39.05	-14.23
412	0	70	55	0	40.233	27.484	11.084	59.42	48.54	27.61
811	10	40	20	20	32.464	28.570	22.518	60.40	18.53	2.00
298	70	0	30	0	24.570	34.503	37.561	65.36	-33.70	-13.57
1000	0	100	40	40	14.890	8.409	4.634	34.82	49.20	11.03
884	10	70	70	20	22.871	16.489	5.761	47.61	35.33	27.32
390	85	20	40	0	14.111	20.882	24.805	52.82	-33.15	-15.32
1590	70	0	70	10	17.464	26.715	13.786	58.71	-39.13	18.66
557	85	85	70	0	6.785	6.466	6.689	30.56	5.73	-6.28
241	100	70	20	0	7.213	7.756	18.375	33.47	-2.56	-35.93
1407	0	0	100	70	11.385	12.487	2.184	41.98	-4.62	40.36
1550	20	20	70	10	36.944	38.654	12.334	68.50	-1.07	39.55
272	30	10	30	0	46.547	51.415	38.609	76.93	-8.33	4.96
887	20	10	70	20	33.125	36.407	11.493	66.83	-6.84	39.14
1241	100	40	70	80	1.833	2.563	2.230	18.20	-13.98	-1.05
186	20	55	20	0	35.724	28.840	25.718	60.64	28.77	-3.46
1397	20	12	12	80	5.999	6.301	5.563	30.16	-0.84	-1.81
860	40	70	40	20	15.042	11.846	10.252	40.97	23.60	-1.57
1293	75	0	0	0	25.374	33.658	59.300	64.69	-27.39	-40.02
1477	40	3	3	40	20.309	23.017	26.780	55.09	-8.93	-14.87
300	70	20	30	0	20.925	26.769	30.966	58.76	-21.77	-15.36
609	40	55	85	0	22.645	20.728	6.448	52.65	12.58	32.86
574	0	70	85	0	38.511	26.448	5.210	58.46	47.27	48.74
230	85	40	20	0	12.965	16.050	27.637	47.04	-15.57	-30.20
873	100	100	40	20	4.071	3.659	7.298	22.51	8.11	-22.71
1467	3	0	0	40	34.660	36.013	32.309	66.53	-0.22	-4.02
1469	3	3	0	40	33.776	34.682	31.244	65.50	1.17	-4.17
940	100	0	100	20	6.542	14.082	5.624	44.35	-56.20	22.36
926	20	70	100	20	18.670	14.047	2.942	44.30	29.35	38.14
803	0	10	20	20	49.387	49.417	33.794	75.71	4.75	9.60
753	40	100	0	20	13.354	7.846	11.822	33.66	44.64	-19.03
1135	40	100	40	60	5.470	3.742	3.247	22.80	24.88	-1.13
210	55	20	20	0	29.172	33.570	38.093	64.62	-11.84	-15.57
1417	3	3	3	0	78.818	80.974	70.377	92.12	1.47	-3.25
710	70	85	100	0	9.231	7.851	3.574	33.67	14.64	15.40
255	10	20	30	0	57.039	56.257	36.234	79.76	6.97	13.09
1490	0	0	70	10	59.171	63.014	15.381	83.45	-3.77	57.22
91	10	0	10	0	72.436	76.888	63.636	90.27	-3.53	-0.18
1216	40	0	40	80	5.075	6.059	4.408	29.56	-9.00	3.23
997	0	20	40	40	27.445	26.662	13.904	58.66	7.09	18.26
1602	70	40	10	10	15.766	17.183	27.942	48.49	-4.56	-28.21
720	85	100	100	0	5.444	4.818	3.183	26.21	9.88	5.20
707	70	40	100	0	13.812	17.602	5.451	49.01	-18.60	31.24
1076	20	0	0	60	15.939	17.191	17.359	48.50	-3.61	-7.74
231	85	55	20	0	11.177	12.448	22.994	41.92	-5.86	-30.77
782	20	70	10	20	21.794	15.581	16.147	46.42	35.52	-8.49
378	55	100	40	0	13.384	8.543	9.728	35.09	38.67	-9.98
1329	0	0	95	0	69.862	74.397	8.052	89.11	-3.98	89.15
1126	20	0	40	60	14.380	16.196	9.761	47.23	-7.39	10.84
548	70	85	70	0	9.906	8.178	6.665	34.35	17.15	0.36
347	20	40	40	0	39.650	36.184	23.013	66.66	15.52	11.85
495	0	100	70	0	32.010	16.992	4.983	48.25	69.27	32.31
264	20	20	30	0	49.184	50.099	35.426	76.13	2.39	7.97
8	0	85	0	0	36.833	21.010	19.794	52.96	65.55	-5.37
880	10	0	70	20	42.104	46.502	12.842	73.87	-8.04	47.37
1604	70	40	40	10	14.017	16.296	17.674	47.36	-10.20	-10.42
198	30	100	20	0	21.283	11.971	12.590	41.17	55.75	-8.30
5	0	40	0	0	57.530	48.421	45.751	75.09	28.30	-7.25
618	55	55	85	0	17.146	17.135	6.514	48.43	3.45	25.29
1213	0	40	40	80	6.144	5.653	3.330	28.52	7.81	8.16
64	85	0	0	0	20.517	28.840	56.994	60.64	-31.84	-44.65
1472	0	0	3	40	35.709	36.951	31.186	67.24	0.27	-1.08
615	55	20	85	0	23.675	29.822	9.129	61.50	-20.96	37.61
1483	3	3	40	40	30.261	31.972	16.448	63.32	-2.11	19.93
629	70	85	85	0	9.503	7.989	4.742	33.96	15.61	8.96
1270	0	40	40	100	1.806	1.737	1.108	14.04	3.30	4.26
1383	60	45	45	40	9.059	9.668	8.822	37.24	-2.18	-3.13
1173	0	40	100	60	12.439	11.330	2.097	40.13	10.70	37.98
228	85	20	20	0	15.643	21.684	34.526	53.69	-27.69	-29.43
1482	0	3	40	40	31.559	33.036	16.597	64.19	-1.07	21.08
797	100	10	10	20	9.798	14.786	29.285	45.34	-31.07	-35.84
1522	10	20	10	10	49.206	47.976	41.706	74.81	8.14	-2.74
1129	20	70	40	60	8.231	6.371	4.482	30.33	20.46	4.14
474	85	55	55	0	9.570	11.721	13.055	40.77	-13.20	-10.29
583	10	70	85	0	32.847	23.232	5.216	55.31	41.83	43.28
619	55	70	85	0	14.962	13.011	5.511	42.78	15.32	20.20
1315	0	60	0	0	46.897	34.022	32.767	64.98	44.16	-7.38
132	55	55	10	0	21.380	19.459	28.406	51.22	12.89	-24.27
757	70	40	0	20	13.732	14.613	26.614	45.10	-2.25	-31.81
646	100	70	85	0	5.262	6.962	5.651	31.72	-16.03	0.45
727	100	70	100	0	5.018	6.823	4.273	31.40	-17.63	7.18
529	40	70	70	0	20.356	16.119	7.916	47.13	25.61	17.29
1551	20	40	0	10	36.515	32.397	36.369	63.67	18.34	-14.84
330	0	55	40	0	46.880	36.144	19.146	66.63	37.00	19.57
295	55	70	30	0	17.187	14.068	16.809	44.33	21.35	-13.66
392	85	40	40	0	11.782	15.469	20.167	46.27	-20.29	-17.68
595	30	0	85	0	45.025	53.791	11.103	78.34	-18.73	60.17
152	85	85	10	0	8.583	7.041	17.416	31.90	16.78	-36.49
844	10	0	40	20	44.868	48.821	25.777	75.34	-6.25	21.78
106	20	70	10	0	31.688	22.249	23.088	54.29	42.07	-9.62
867	70	100	40	20	7.304	5.292	7.183	27.55	23.84	-13.55
978	20	40	20	40	18.105	16.552	14.330	47.69	11.79	-1.77
297	55	100	30	0	13.662	8.604	11.253	35.21	39.93	-14.65
920	10	70	100	20	21.979	15.951	2.870	46.91	34.27	43.18
678	30	20	100	0	36.641	40.198	6.222	69.61	-6.85	63.11
6	0	55	0	0	49.355	37.298	35.830	67.50	40.05	-7.48
1411	40	40	0	70	6.567	6.268	7.706	30.08	5.57	-11.29
697	55	30	100	0	21.052	25.283	5.831	57.35	-15.09	43.78
438	30	55	55	0	28.465	24.465	13.901	56.55	20.21	14.63
823	40	40	20	20	20.986	20.278	21.224	52.15	7.01	-9.69
124	40	70	10	0	23.529	17.667	22.806	49.09	31.89	-18.05
192	30	20	20	0	43.550	45.439	40.847	73.18	-0.77	-4.45
232	85	70	20	0	9.558	9.324	18.721	36.60	4.68	-31.29
252	0	100	30	0	33.270	17.263	10.440	48.59	72.29	10.96
447	40	55	55	0	24.200	21.721	13.817	53.73	14.83	9.99
358	30	70	40	0	25.487	18.917	14.500	50.59	33.86	2.79
201	40	20	20	0	37.440	40.452	39.746	69.79	-5.01	-8.86
416	10	10	55	0	59.176	61.937	24.269	82.88	-1.30	37.48
1419	0	3	0	3	77.868	79.278	69.987	91.36	2.86	-4.21
407	0	10	55	0	68.282	68.992	24.605	86.50	3.86	43.11
1589	70	0	40	10	19.700	28.279	26.232	60.14	-33.70	-5.22
1281	40	0	100	100	1.424	1.777	0.853	14.27	-7.80	8.62
301	70	30	30	0	19.103	23.144	27.818	55.22	-15.50	-16.40
479	100	10	55	0	10.227	18.977	19.516	50.66	-50.65	-8.75
1446	40	3	40	0	41.280	49.304	33.534	75.64	-18.16	9.86
526	40	30	70	0	29.585	31.936	12.849	63.29	-4.53	29.11
830	70	70	20	20	9.600	8.503	13.498	35.01	11.87	-21.43
1599	70	20	40	10	16.832	21.965	21.801	53.99	-22.24	-7.66
351	20	100	40	0	24.309	13.468	9.263	43.46	59.57	6.04
1055	20	100	100	40	10.304	6.446	1.801	30.51	36.80	24.30
1488	0	0	20	10	66.034	68.891	45.915	86.45	-0.87	12.14
1122	0	20	40	60	15.758	15.454	8.326	46.25	5.05	14.22
1463	40	3	40	3	39.020	46.626	31.830	73.95	-17.88	9.50
798	100	20	10	20	9.041	13.018	26.572	42.79	-26.25	-35.72
89	0	85	10	0	36.798	21.175	17.456	53.14	64.66	0.04
485	100	85	55	0	5.246	5.483	8.968	28.07	-0.49	-19.46
376	55	70	40	0	16.704	13.859	14.376	44.03	19.98	-8.20
1290	90	0	0	0	18.642	26.931	56.021	58.91	-33.77	-46.62
398	100	10	40	0	11.248	19.625	26.041	51.41	-46.25	-19.94
276	30	55	30	0	30.081	25.335	21.801	57.40	22.73	-1.78
188	20	85	20	0	27.158	16.614	15.245	47.77	52.88	-3.96
1059	40	70	100	40	8.992	7.602	2.385	33.14	14.93	23.35
684	30	100	100	0	18.972	11.245	2.860	39.99	49.48	31.33
921	10	100	100	20	18.115	10.377	2.117	38.51	51.41	35.00
100	20	0	10	0	63.128	68.750	61.692	86.38	-7.13	-5.00
1214	0	70	40	80	5.220	4.057	2.478	23.86	17.34	6.56
52	55	70	0	0	18.965	15.004	25.922	45.64	25.09	-29.68
1415	3	0	3	0	81.051	84.229	72.644	93.55	-0.32	-2.80
1157	40	20	70	60	8.674	9.976	4.555	37.80	-7.86	16.61
263	20	10	30	0	54.056	57.697	39.614	80.57	-3.97	9.90
1115	70	100	20	60	3.851	2.905	4.254	19.66	17.20	-12.95
1491	0	10	0	10	63.318	62.540	55.972	83.20	7.01	-4.69
432	20	100	55	0	23.879	13.380	7.190	43.33	58.26	13.63
731	0	10	0	20	51.785	51.167	45.813	76.78	6.51	-4.41
1155	20	100	70	60	6.722	4.419	2.119	25.01	29.02	11.70
793	70	40	10	20	13.211	14.364	23.105	44.75	-4.09	-26.10
116	30	85	10	0	23.879	14.960	17.648	45.58	48.56	-13.43
842	0	70	40	20	27.913	19.320	10.508	51.06	41.71	15.00
453	55	20	55	0	25.869	31.527	20.200	62.95	-17.82	11.01
21	20	20	0	0	53.950	53.263	57.200	78.03	6.71	-14.88
460	70	0	55	0	22.067	32.925	23.117	64.10	-39.42	7.24
1545	20	10	70	10	40.541	44.423	13.622	72.51	-6.93	42.89
512	20	85	70	0	25.336	16.019	6.261	47.00	48.70	23.95
7	0	70	0	0	42.406	28.090	26.975	59.97	52.78	-6.79
1164	70	70	70	60	3.873	3.827	2.912	23.09	2.75	1.80
1474	40	0	3	40	20.907	23.972	27.679	56.06	-10.22	-14.72
1009	40	70	40	40	10.132	8.158	7.020	34.31	19.09	-1.22
539	55	85	70	0	13.675	10.144	6.592	38.10	27.56	7.14
885	10	100	70	20	18.895	10.741	3.910	39.14	52.75	22.70
97	10	70	10	0	36.471	24.871	23.177	56.95	47.16	-5.20
685	40	0	100	0	36.835	46.595	7.265	73.93	-24.83	66.08
802	0	0	20	20	53.964	56.363	37.796	79.82	-0.97	11.04
1136	70	0	40	60	6.845	9.506	8.807	36.94	-21.16	-3.59
274	30	30	30	0	38.465	38.421	30.760	68.33	4.58	1.46
958	40	40	0	40	15.034	14.229	18.640	44.56	8.08	-17.39
148	85	30	10	0	15.001	19.088	35.979	50.79	-18.97	-36.50
1249	40	40	100	80	3.715	4.000	1.436	23.67	-2.11	16.57
932	40	70	100	20	13.350	10.970	3.075	39.53	19.31	28.94
886	20	0	70	20	36.460	41.781	12.706	70.72	-12.23	42.32
1461	0	3	40	3	70.671	73.425	35.178	88.65	-0.27	29.91
1613	0	100	0	10	27.731	14.215	13.157	44.54	69.09	-4.07
951	20	0	0	40	27.929	30.169	30.780	61.80	-4.52	-9.83
1476	3	3	3	40	33.118	34.136	29.720	65.07	0.72	-2.52
901	70	40	70	20	10.576	12.932	8.145	42.66	-13.50	8.71
714	85	20	100	0	10.810	18.536	6.410	50.14	-43.99	28.70
477	85	100	55	0	6.541	5.350	7.823	27.71	15.51	-15.83
1341	0	0	15	0	81.729	84.923	60.425	93.85	-0.30	9.13
1285	100	40	100	100	0.916	1.183	0.836	10.43	-8.03	2.30
980	20	100	20	40	11.613	6.857	6.262	31.48	42.27	-2.81
964	70	70	0	40	7.248	6.293	11.996	30.14	12.14	-25.61
743	20	10	0	20	40.012	41.407	43.369	70.46	0.27	-12.33
464	70	40	55	0	15.748	18.866	15.888	50.53	-13.46	-0.78
185	20	40	20	0	41.418	37.244	32.172	67.46	17.52	-2.21
163	0	0	20	0	80.717	84.091	55.678	93.49	-0.71	13.36
47	55	10	0	0	34.271	39.595	57.435	69.18	-12.98	-30.38
1088	70	40	0	60	5.947	6.293	10.437	30.14	-1.33	-20.84
1079	20	70	0	60	9.126	6.793	7.533	31.33	23.85	-8.45
1365	0	0	0	3	80.071	82.534	72.433	92.81	0.96	-3.89
1175	0	100	100	60	8.453	5.270	1.348	27.49	34.66	24.24
1159	40	70	70	60	5.982	5.115	2.853	27.06	12.33	9.09
363	40	20	40	0	35.240	39.053	28.189	68.79	-7.99	6.38
601	30	70	85	0	23.478	17.888	5.321	49.36	30.50	32.49
1153	20	40	70	60	9.755	9.409	3.848	36.76	5.57	18.98
1478	0	40	3	40	24.975	21.396	19.228	53.38	19.67	-3.45
859	40	40	40	20	19.910	19.765	15.590	51.57	4.28	1.74
1546	20	20	0	10	44.409	43.898	47.116	72.16	6.13	-13.92
102	20	20	10	0	51.798	51.832	49.072	77.18	4.82	-7.53
1217	40	40	40	80	4.030	4.070	3.220	23.90	1.54	0.96
551	85	10	70	0	13.072	22.249	14.329	54.29	-46.12	9.61
461	70	10	55	0	20.464	29.100	21.242	60.87	-33.09	5.31
562	100	30	70	0	8.057	14.131	11.850	44.42	-41.84	-0.56
50	55	40	0	0	25.859	25.709	40.372	57.76	4.51	-30.42
937	70	40	100	20	9.805	12.410	4.212	41.86	-16.02	25.57
735	0	100	0	20	23.101	12.053	11.201	41.30	63.56	-3.99
256	10	30	30	0	51.853	48.437	32.016	75.10	13.93	11.20
991	100	0	20	40	6.936	11.191	18.215	39.90	-33.00	-24.49
982	40	20	20	40	16.499	17.839	17.451	49.30	-3.88	-6.57
1158	40	40	70	60	7.455	7.747	3.837	33.45	-0.14	13.34
96	10	55	10	0	42.274	32.900	30.398	64.08	34.67	-5.30
783	20	100	10	20	17.555	9.794	10.216	37.47	52.91	-7.49
290	55	10	30	0	30.775	37.755	35.919	67.84	-19.68	-7.02
682	30	70	100	0	23.075	17.651	3.818	49.07	29.95	40.39
750	40	20	0	20	27.398	28.660	36.635	60.48	-0.94	-20.71
643	100	30	85	0	7.478	13.735	8.220	43.85	-44.75	10.48
1065	70	100	100	40	4.518	3.679	2.035	22.58	13.96	8.30
868	100	0	40	20	8.845	15.814	19.870	46.73	-44.89	-16.27
1089	70	70	0	60	4.798	4.218	7.408	24.38	9.85	-19.93
744	20	20	0	20	36.599	36.223	38.732	66.69	5.60	-12.86
890	20	70	70	20	19.399	14.470	5.763	44.90	30.48	22.64
704	70	10	100	0	17.483	26.619	6.803	58.62	-38.64	41.61
33	30	55	0	0	32.996	27.039	34.313	59.01	26.41	-19.95
1389	60	45	45	60	5.723	6.115	5.538	29.70	-1.95	-2.48
260	10	85	30	0	31.370	18.806	13.170	50.46	57.42	6.10
1004	20	70	40	40	13.481	10.122	7.046	38.06	26.49	5.14
768	0	20	10	20	46.302	44.002	35.269	72.23	11.24	1.47
57	70	20	0	0	23.547	27.957	48.907	59.85	-14.41	-37.22
1468	0	3	0	40	35.054	35.765	31.483	66.34	1.94	-3.09
681	30	55	100	0	26.360	23.066	4.495	55.14	17.87	46.84
39	40	20	0	0	40.183	42.057	53.990	70.91	-1.14	-23.78
1265	40	100	0	100	1.357	1.054	0.910	9.43	11.11	-0.67
1288	98	0	0	0	16.147	24.333	54.661	56.42	-36.56	-49.48
1203	40	100	0	80	3.265	2.230	2.530	16.65	21.02	-6.30
51	55	55	0	0	22.186	19.932	32.838	51.76	14.32	-30.28
423	10	100	55	0	28.027	15.217	6.997	45.93	64.27	18.91
227	85	10	20	0	17.002	24.678	38.092	56.76	-33.24	-29.12
776	10	70	10	20	25.016	17.376	16.219	48.73	39.89	-4.68
1595	70	10	70	10	16.243	23.674	12.638	55.76	-33.17	16.72
814	20	0	20	20	41.426	45.623	35.823	73.30	-7.63	2.53
262	20	0	30	0	59.767	66.262	44.060	85.13	-9.59	12.11
1139	70	70	40	60	4.233	4.000	4.506	23.67	5.39	-7.48
1563	40	0	20	10	37.333	43.927	40.836	72.18	-15.66	-6.16
838	0	0	40	20	51.372	54.255	26.327	78.61	-2.46	26.46
1518	10	10	20	10	52.705	54.289	39.945	78.63	0.93	6.12
1087	70	20	0	60	6.802	7.936	12.664	33.85	-8.27	-21.13
1557	20	70	10	10	26.289	18.620	19.367	50.24	38.70	-9.16
1527	10	40	10	10	40.489	35.246	31.915	65.94	21.23	-4.44
1556	20	70	0	10	27.040	19.054	22.364	50.75	39.56	-14.34
853	20	40	40	20	26.736	24.627	15.948	56.71	12.64	9.73
400	100	30	40	0	9.533	14.975	21.621	45.60	-34.32	-21.77
1128	20	40	40	60	10.283	9.684	6.471	37.27	7.50	6.24
1387	100	85	85	60	2.207	2.430	2.128	17.60	-2.86	-1.16
545	70	40	70	0	14.929	18.368	11.226	49.94	-15.74	10.83
1408	100	100	0	70	2.322	1.963	4.075	15.29	9.51	-19.43
1099	0	70	20	60	11.084	8.018	5.941	34.02	27.51	3.04
795	70	100	10	20	7.925	5.420	10.710	27.90	28.17	-25.57
925	20	40	100	20	24.219	22.862	3.964	54.93	9.74	49.59
509	20	40	70	0	37.432	34.694	11.709	65.51	13.41	36.22
430	20	70	55	0	29.192	21.119	11.048	53.08	37.98	16.79
1544	20	10	40	10	43.333	46.688	27.372	73.99	-4.90	16.71
1529	10	40	40	10	38.131	33.833	19.606	64.83	18.60	15.49
1195	100	100	100	60	2.028	2.103	1.681	16.02	0.00	0.58
1430	0	7	0	7	69.256	69.315	61.685	86.66	5.28	-4.51
1023	0	40	70	40	22.173	19.651	6.037	51.44	15.64	32.63
1016	100	0	40	40	6.250	10.811	13.368	39.26	-37.34	-13.75
1552	20	40	10	10	35.177	31.491	31.284	62.92	17.10	-8.68
1223	70	100	40	80	2.252	1.845	2.002	14.65	10.80	-5.05
441	30	100	55	0	20.225	11.746	7.348	40.81	52.21	8.64
371	55	10	40	0	29.714	37.097	30.010	67.35	-21.54	0.95
1146	0	0	70	60	17.161	18.578	5.574	50.19	-4.05	32.67
238	100	30	20	0	10.736	15.589	29.834	46.43	-28.55	-34.84
225	70	100	20	0	10.352	6.979	12.996	31.76	31.78	-25.66
1401	60	45	45	100	1.271	1.350	1.150	11.62	-0.95	-0.51
352	30	0	40	0	50.010	57.966	35.492	80.72	-15.17	15.79
876	0	20	70	20	40.993	39.916	10.729	69.41	7.82	45.94
1480	40	40	3	40	14.810	14.068	17.837	44.33	7.73	-16.01
1199	0	100	0	80	4.519	2.818	2.362	19.30	28.12	-0.32
1232	40	0	70	80	4.960	6.119	2.856	29.71	-11.07	13.63
1310	0	90	0	0	35.439	19.303	18.029	51.04	69.19	-4.87
207	40	100	20	0	18.134	10.566	12.708	38.84	50.09	-12.65
836	100	70	20	20	5.520	5.900	13.100	29.16	-1.95	-30.43
140	70	40	10	0	18.756	20.466	33.502	52.36	-4.95	-30.23
1464	0	40	40	3	50.882	43.689	22.745	72.02	24.65	21.60
1188	70	40	100	60	4.460	5.555	2.312	28.26	-11.29	15.57
662	10	40	100	0	42.294	37.891	5.094	67.94	18.09	65.68
1378	60	45	45	20	13.411	14.286	13.096	44.64	-2.32	-3.73
165	0	20	20	0	67.225	63.970	44.203	83.95	12.54	9.90
1333	0	0	75	0	71.841	76.347	15.579	90.02	-3.70	68.06
153	85	100	10	0	7.641	5.543	14.800	28.23	24.12	-36.53
598	30	30	85	0	33.936	35.156	8.347	65.87	0.13	47.97
1363	0	0	0	7	73.998	76.282	66.958	89.99	0.92	-3.80
808	10	0	20	20	47.427	50.820	36.795	76.57	-4.32	6.81
941	100	10	100	20	6.161	12.591	5.294	42.14	-50.71	20.18
800	100	70	10	20	5.811	6.019	15.002	29.46	0.08	-34.92
969	100	70	0	40	4.542	4.569	11.643	25.47	1.82	-32.62
1487	0	0	10	10	67.779	70.313	54.036	87.15	-0.04	4.17
1374	5	3	3	0	76.654	79.123	69.931	91.29	0.73	-4.28
1326	0	2	0	0	83.331	85.155	75.023	93.95	2.34	-4.18
1093	100	40	0	60	3.825	4.622	9.872	25.63	-8.92	-26.77
607	40	30	85	0	28.644	31.181	8.343	62.66	-5.43	42.45
972	0	20	20	40	28.722	27.660	19.496	59.58	8.15	6.67
323	100	85	30	0	5.914	5.688	13.210	28.61	4.90	-31.68
1523	10	20	20	10	48.032	47.188	35.562	74.31	7.09	4.64
787	40	40	10	20	21.757	20.764	24.670	52.69	8.32	-15.30
667	20	0	100	0	51.867	59.435	7.183	81.53	-13.75	79.52
604	40	0	85	0	37.779	47.518	11.040	74.52	-24.30	53.78
1015	70	100	40	40	5.290	3.975	5.089	23.59	19.34	-10.76
1328	0	0	98	0	69.687	74.228	7.399	89.03	-4.01	91.57
1050	0	100	100	40	13.832	8.066	1.685	34.12	45.71	31.75
321	100	55	30	0	7.984	10.161	19.292	38.13	-15.39	-29.88
897	40	100	70	20	11.636	7.432	4.178	32.77	36.87	10.10
1147	0	20	70	60	14.896	14.830	4.726	45.40	3.63	28.77
1073	0	40	0	60	14.627	12.636	11.544	42.21	15.76	-3.46
1466	40	40	40	3	27.533	27.190	21.264	59.15	5.33	2.30
1046	0	0	100	40	29.085	31.431	3.966	62.87	-4.63	63.27
1119	100	70	20	60	2.942	3.103	5.674	20.45	-0.88	-19.09
48	55	20	0	0	31.312	34.643	51.519	65.47	-7.49	-30.47
1266	100	0	0	100	0.952	1.211	1.871	10.64	-7.57	-10.68
61	70	70	0	0	14.273	12.154	25.350	41.46	16.82	-35.88
436	30	30	55	0	36.128	36.858	19.025	67.17	1.97	20.76
1441	3	40	3	0	54.972	46.626	43.455	73.95	26.88	-6.42
558	85	100	70	0	6.131	5.190	5.858	27.27	13.06	-8.21
1172	0	20	100	60	14.292	14.364	2.417	44.75	2.76	43.09
1508	0	70	20	10	34.494	23.369	17.112	55.45	46.97	4.81
1204	70	0	0	80	3.756	4.696	6.878	25.85	-10.89	-15.21
1109	40	70	20	60	6.709	5.405	5.765	27.86	16.60	-6.75
1219	40	100	40	80	3.087	2.259	1.845	16.79	17.43	0.19
107	20	85	10	0	27.682	16.802	17.559	48.01	53.94	-9.04
1511	10	0	0	10	61.123	64.393	61.122	84.17	-2.25	-8.25
668	20	10	100	0	47.309	51.948	6.666	77.25	-7.58	74.32
310	85	30	30	0	13.588	18.444	26.556	50.03	-24.42	-23.21
1206	70	70	0	80	2.702	2.426	3.682	17.58	7.13	-13.04
569	0	10	85	0	64.883	65.909	10.257	84.95	3.02	74.24
1060	40	100	100	40	7.590	5.179	1.902	27.24	27.91	17.63
1037	70	20	70	40	8.555	11.647	6.838	40.65	-21.17	10.48
856	40	0	40	20	28.873	34.963	23.906	65.72	-17.73	8.56
105	20	55	10	0	36.756	29.442	30.007	61.17	29.91	-9.70
1377	10	6	6	10	56.695	58.761	52.376	81.16	0.09	-4.36
164	0	10	20	0	73.561	73.320	49.643	88.60	6.01	11.51
1189	70	70	100	60	3.629	3.710	1.892	22.69	0.79	9.89
984	40	70	20	40	10.670	8.389	9.282	34.78	21.17	-8.99
404	100	85	40	0	5.640	5.611	11.416	28.41	2.67	-26.87
827	70	10	20	20	16.576	21.553	27.567	53.55	-21.77	-18.86
775	10	40	10	20	33.131	28.953	26.177	60.74	19.43	-4.09
1019	100	70	40	40	3.793	4.253	6.844	24.49	-4.48	-17.41
168	0	55	20	0	48.119	36.751	26.791	67.09	38.45	5.80
365	40	40	40	0	29.067	28.671	22.350	60.49	5.56	2.48
828	70	20	20	20	15.250	18.917	24.875	50.59	-16.63	-19.29
807	0	100	20	20	22.948	12.224	8.732	41.57	61.71	4.66
715	85	30	100	0	10.099	16.273	5.992	47.33	-37.29	25.75
302	70	40	30	0	17.322	19.730	24.753	51.53	-8.95	-17.45
1201	40	40	0	80	4.474	4.297	5.040	24.63	4.54	-8.71
1330	0	0	90	0	70.263	74.802	9.494	89.30	-3.94	84.28
67	85	30	0	0	15.766	19.407	41.466	51.16	-16.07	-43.21
975	0	100	20	40	15.212	8.458	6.139	34.92	50.69	3.68
641	100	10	85	0	8.457	17.513	9.507	48.90	-57.59	14.58
1513	10	0	20	10	57.870	61.937	44.642	82.88	-4.45	7.52
184	20	30	20	0	45.757	43.793	36.937	72.09	10.30	-1.11
815	20	10	20	20	37.266	39.567	31.864	69.16	-2.86	1.19
877	0	40	70	20	34.604	30.193	8.664	61.82	19.89	39.82
1029	20	70	70	40	12.733	9.783	4.140	37.45	24.23	18.39
1041	100	0	70	40	5.423	10.365	7.724	38.49	-43.30	3.14
346	20	30	40	0	43.653	42.406	26.165	71.15	8.28	13.88
1021	0	0	70	40	30.269	32.520	8.834	63.77	-4.02	42.57
414	0	100	55	0	32.644	17.231	6.817	48.55	70.25	24.19
1162	70	20	70	60	5.441	7.286	4.463	32.45	-17.05	7.90
1369	80	65	65	0	9.439	10.320	9.511	38.41	-4.09	-3.52
1101	20	0	20	60	15.085	16.653	13.210	47.82	-5.67	1.44
1593	70	10	20	10	19.867	25.929	33.375	57.97	-23.52	-20.37
221	70	40	20	0	18.016	20.091	28.865	51.94	-7.00	-23.78
327	0	20	40	0	64.592	61.975	30.728	82.90	11.20	26.63
10	10	0	0	0	74.513	78.461	74.509	90.99	-2.33	-8.84
581	10	40	85	0	43.030	38.517	7.620	68.40	18.30	55.12
1227	100	100	40	80	1.642	1.526	2.006	12.77	4.64	-8.33
588	20	20	85	0	43.929	45.976	9.218	73.53	-1.17	58.04
1235	40	100	70	80	3.037	2.307	1.402	17.02	15.58	5.51
1067	100	20	100	40	4.341	7.946	3.742	33.87	-37.08	14.66
182	20	10	20	0	55.425	58.688	46.953	81.12	-2.89	1.72
547	70	70	70	0	11.278	10.799	7.986	39.24	6.42	3.42
705	70	20	100	0	16.269	23.516	6.363	55.60	-32.33	38.32
1392	10	6	6	60	16.460	17.143	15.207	48.44	-0.39	-2.71
834	100	20	20	20	8.549	12.819	22.975	42.49	-29.16	-29.75
493	0	70	70	0	39.441	27.039	7.863	59.01	47.84	37.98
54	55	100	0	0	14.552	8.756	16.636	35.51	44.18	-28.46
1549	20	20	40	10	39.424	40.551	24.534	69.86	1.02	14.55
70	85	70	0	0	10.495	9.745	24.689	37.38	8.64	-41.73
1069	100	70	100	40	3.036	3.924	2.611	23.42	-12.02	4.71
1554	20	40	40	10	32.652	29.960	19.274	61.62	13.94	10.66
1121	0	0	40	60	18.303	19.476	10.036	51.24	-2.47	16.84
217	70	0	20	0	25.691	35.117	44.486	65.84	-31.02	-21.67
1312	0	80	0	0	38.557	23.153	21.989	55.23	61.34	-5.89
223	70	70	20	0	13.281	11.660	19.128	40.67	13.95	-25.15
324	100	100	30	0	5.313	4.536	11.469	25.37	11.94	-32.27
34	30	70	0	0	28.300	20.394	26.573	52.28	37.97	-19.36
511	20	70	70	0	28.448	20.718	7.813	52.64	37.00	27.19
522	30	100	70	0	19.776	11.598	5.416	40.57	51.03	16.86
1438	40	0	3	0	47.892	54.876	64.627	78.97	-13.38	-20.61
709	70	70	100	0	10.510	10.388	4.141	38.53	3.80	20.25
452	55	10	55	0	28.247	36.105	22.150	66.60	-23.96	13.40
943	100	40	100	20	5.037	8.528	4.330	35.06	-33.18	13.16
875	0	10	70	20	44.419	45.363	11.813	73.13	1.98	49.05
314	85	85	30	0	7.946	6.866	13.295	31.50	12.84	-26.93
86	0	40	10	0	56.583	47.850	39.441	74.73	27.53	0.06
989	70	70	20	40	6.730	6.031	9.129	29.49	9.79	-17.58
762	100	20	0	20	9.579	13.245	30.518	43.13	-23.30	-41.61
1601	70	40	0	10	16.367	17.464	32.157	48.84	-2.64	-34.29
592	20	70	85	0	27.816	20.358	5.261	52.24	36.24	37.76
333	0	100	40	0	33.059	17.279	8.916	48.61	71.46	16.14
1151	20	0	70	60	13.409	15.499	5.515	46.31	-9.53	26.27
909	100	100	70	20	3.532	3.457	4.467	21.79	3.17	-10.50
1596	70	20	0	10	19.664	23.290	40.448	55.37	-13.32	-34.64
197	30	85	20	0	23.333	14.750	15.336	45.29	47.40	-8.46
456	55	55	55	0	18.523	17.962	13.645	49.45	6.39	3.07
533	55	10	70	0	26.911	35.066	15.280	65.80	-25.83	27.04
69	85	55	0	0	12.322	12.978	30.493	42.73	-1.30	-42.26
1458	0	0	40	3	72.547	76.347	36.284	90.02	-2.22	30.71
996	0	0	40	40	32.334	34.275	17.089	65.18	-2.54	21.64
1499	0	20	40	10	52.945	50.919	25.564	76.63	10.17	24.38
686	40	10	100	0	33.670	40.764	6.735	70.01	-18.64	61.54
80	100	85	0	0	6.800	5.873	19.544	29.09	12.22	-46.00
1061	70	0	100	40	9.223	14.364	4.180	44.75	-33.19	30.74
1012	70	20	40	40	9.482	12.211	12.073	41.55	-17.27	-6.16
1321	0	15	0	0	73.584	70.949	64.153	87.46	10.97	-5.52
847	10	40	40	20	31.160	27.770	16.227	59.68	16.91	14.18
1412	40	0	40	70	7.803	9.366	6.652	36.68	-10.80	4.43
449	40	85	55	0	18.586	12.597	8.874	42.15	38.18	5.15
1182	40	20	100	60	8.260	9.684	2.530	37.27	-9.20	29.25
130	55	30	10	0	27.465	29.442	39.532	61.17	-3.65	-23.44
706	70	30	100	0	15.032	20.484	5.910	52.38	-25.64	34.84
1248	40	0	100	80	4.559	5.734	1.696	28.73	-12.00	22.34
933	40	100	100	20	11.096	7.183	2.397	32.22	35.36	21.66
26	20	85	0	0	28.246	17.016	20.097	48.28	55.00	-14.07
789	40	100	10	20	13.096	7.808	10.440	33.58	43.31	-14.92
698	55	40	100	0	19.213	21.628	5.357	53.63	-8.09	39.67
486	100	100	55	0	4.706	4.370	7.827	24.86	6.60	-20.76
717	85	55	100	0	8.244	11.047	4.890	39.66	-19.64	17.99
431	20	85	55	0	25.933	16.280	8.688	47.34	49.73	14.77
1005	20	100	40	40	11.261	6.784	4.775	31.31	40.48	4.21
987	70	20	20	40	10.204	12.565	16.206	42.10	-13.93	-16.08
513	20	100	70	0	23.371	13.198	5.269	43.06	57.18	21.89
1150	0	100	70	60	8.783	5.383	2.073	27.80	36.18	16.94
1479	3	40	3	40	23.937	20.637	19.036	52.55	18.77	-4.47
1143	100	40	40	60	3.235	4.367	5.917	24.85	-14.82	-12.66
326	0	10	40	0	70.410	70.784	34.302	87.38	4.65	28.98
505	20	0	70	0	54.354	61.881	17.772	82.85	-13.04	50.55
647	100	85	85	0	4.469	5.097	4.771	27.01	-5.79	-3.18
952	20	20	0	40	23.531	23.349	24.717	55.43	4.57	-10.66
1578	40	40	20	10	25.494	24.596	25.731	56.68	7.64	-10.31
1489	0	0	40	10	62.981	66.380	31.836	85.19	-2.34	28.87
990	70	100	20	40	5.584	4.045	6.555	23.82	21.81	-17.32
546	70	55	70	0	12.982	14.286	9.576	44.64	-5.11	7.00
1179	20	70	100	60	7.529	6.079	1.730	29.61	17.11	23.49
829	70	40	20	20	12.697	14.103	19.960	44.38	-5.88	-20.51
284	40	40	30	0	29.880	29.134	26.498	60.90	6.89	-4.37
550	85	0	70	0	14.009	25.077	15.562	57.15	-52.45	11.43
1498	0	20	20	10	55.175	52.637	36.535	77.66	11.40	9.05
1282	40	40	100	100	1.382	1.526	0.798	12.77	-2.55	7.00
420	10	55	55	0	39.296	31.383	14.055	62.83	30.92	25.05
1253	70	40	100	80	2.583	3.203	1.516	20.84	-9.18	10.74
283	40	30	30	0	32.982	34.211	30.062	65.13	-0.02	-2.96
1423	0	3	3	3	77.280	78.814	66.947	91.15	2.59	-1.79
349	20	70	40	0	29.938	21.461	14.559	53.45	39.22	7.57
1452	40	40	0	3	31.334	29.465	39.740	61.19	11.04	-23.68
839	0	10	40	20	47.048	47.518	23.643	74.52	3.46	24.22
43	40	70	0	0	24.328	18.135	26.337	49.66	32.93	-23.47
1440	0	40	3	0	57.263	48.262	43.814	74.99	28.08	-5.07
242	100	85	20	0	6.201	5.760	15.131	28.80	7.22	-36.38
944	100	70	100	20	3.924	5.205	3.361	27.31	-14.69	5.86
994	100	70	20	40	4.126	4.390	8.931	24.92	-1.49	-24.76
1031	40	0	70	40	17.217	21.563	8.513	53.56	-18.27	26.13
1074	0	70	0	60	11.367	8.081	7.524	34.15	29.00	-3.55
1049	0	70	100	40	16.713	12.135	2.204	41.43	31.24	39.23
24	20	55	0	0	37.996	30.227	34.844	61.85	31.01	-15.82
995	100	100	20	40	3.480	3.004	6.707	20.06	9.81	-24.46
639	85	100	85	0	5.739	4.991	4.214	26.71	11.12	-0.56
1242	100	70	70	80	1.657	1.935	1.872	15.14	-5.20	-2.93
792	70	20	10	20	15.838	19.174	28.883	50.89	-14.49	-25.62
385	70	70	40	0	12.397	11.281	14.187	40.05	10.76	-14.57
1560	20	70	70	10	23.510	17.319	6.723	48.66	33.66	24.78
544	70	30	70	0	16.354	21.479	12.382	53.47	-22.67	13.50
1540	20	0	70	10	44.502	50.837	15.039	76.58	-12.65	46.23
1025	0	100	70	40	14.442	8.330	2.881	34.66	47.17	21.98
44	40	85	0	0	20.975	13.482	20.220	43.48	44.33	-22.60
1102	20	20	20	60	12.590	12.859	10.668	42.55	1.29	-0.18
1095	100	100	0	60	2.811	2.342	5.497	17.19	10.82	-23.85
149	85	40	10	0	13.638	16.373	32.019	47.46	-13.02	-36.46
571	0	30	85	0	54.838	50.344	8.560	76.28	16.50	65.13
379	70	0	40	0	23.523	33.871	31.358	64.86	-36.11	-5.45
672	20	55	100	0	31.266	26.172	4.422	58.20	23.68	52.53
1433	7	0	7	7	66.276	69.721	58.888	86.86	-2.10	-1.38
82	0	0	10	0	82.778	85.784	65.603	94.22	0.12	4.76
444	40	20	55	0	33.810	38.067	20.825	68.07	-9.79	18.56
1082	40	20	0	60	10.599	11.101	13.554	39.75	-0.79	-13.41
733	0	40	0	20	38.981	33.048	31.120	64.20	24.02	-6.22
660	10	20	100	0	50.608	50.936	6.117	76.64	4.01	75.71
874	0	0	70	20	48.248	51.532	12.967	77.00	-3.91	52.42
1309	0	95	0	0	34.184	17.814	16.489	49.27	72.54	-4.39
383	70	40	40	0	16.652	19.372	20.997	51.12	-10.87	-11.01
1493	0	10	20	10	60.310	60.243	40.991	81.97	5.32	10.52
591	20	55	85	0	31.800	26.566	6.393	58.57	24.03	43.31
861	40	100	40	20	12.304	7.635	6.954	33.21	39.61	-2.84
317	100	10	30	0	11.984	20.064	31.004	51.91	-43.19	-27.23
103	20	30	10	0	47.007	44.573	43.221	72.61	11.58	-8.44
375	55	55	40	0	19.349	18.410	17.943	49.99	8.29	-6.49
129	55	20	10	0	30.229	34.123	44.449	65.06	-9.73	-22.97
1024	0	70	70	40	17.411	12.558	4.188	42.09	32.22	26.11
259	10	70	30	0	35.584	24.617	17.284	56.70	45.28	6.57
367	40	70	40	0	21.711	16.771	14.466	47.97	28.45	-1.64
180	10	100	20	0	28.879	15.269	12.211	46.00	67.29	1.11
1272	40	0	40	100	1.515	1.782	1.375	14.30	-5.36	1.16
724	100	30	100	0	7.082	13.434	6.051	43.41	-46.68	18.72
1603	70	40	20	10	15.163	16.889	24.083	48.12	-6.50	-22.11
1215	0	100	40	80	4.389	2.876	1.713	19.54	25.34	6.31
426	20	20	55	0	46.431	48.087	21.556	74.88	0.18	28.84
1462	3	3	40	3	67.855	71.154	34.912	87.56	-1.64	28.41
826	70	0	20	20	17.942	24.394	30.516	56.48	-26.96	-18.59
1345	0	0	3	0	84.317	87.051	73.335	94.76	0.72	-1.32
354	30	20	40	0	41.222	43.868	28.833	72.14	-3.25	11.10
1183	40	40	100	60	7.094	7.519	2.218	32.96	-1.52	24.50
1494	0	10	40	10	57.708	58.182	28.582	80.84	3.95	26.51
492	0	55	70	0	44.956	34.963	9.890	65.72	35.47	42.29
1465	3	40	40	3	48.699	42.158	22.576	70.98	23.27	20.13
161	100	85	10	0	6.500	5.822	17.242	28.96	9.70	-41.16
831	70	100	20	20	7.717	5.387	9.436	27.81	26.64	-21.54
1444	0	3	40	0	74.987	77.825	37.093	90.70	-0.11	30.76
15	10	55	0	0	43.381	33.608	35.347	64.65	35.50	-11.71
1500	0	20	70	10	50.069	48.597	12.704	75.20	8.78	50.05
658	10	0	100	0	60.199	66.420	7.116	85.21	-8.91	86.14
1062	70	20	100	40	7.948	11.215	3.667	39.94	-23.52	25.61
338	10	40	40	0	46.291	40.849	23.401	70.07	20.52	17.00
1584	40	70	40	10	18.114	14.117	12.229	44.40	26.02	-1.70
402	100	55	40	0	7.568	9.982	16.494	37.81	-17.86	-24.16
66	85	20	0	0	17.273	22.334	46.332	54.38	-21.50	-43.65
1167	100	20	70	60	3.270	5.350	4.349	27.71	-26.56	0.38
475	85	70	55	0	8.270	8.817	10.833	35.63	-2.04	-12.63
120	40	20	10	0	38.712	41.206	46.461	70.32	-3.21	-16.32
1512	10	0	10	10	59.417	63.129	52.441	83.51	-3.44	-0.38
484	100	70	55	0	6.057	7.327	10.704	32.54	-10.46	-17.55
772	10	0	10	20	48.620	51.731	42.977	77.12	-3.41	-0.36
747	20	100	0	20	17.858	9.838	11.569	37.55	54.19	-11.57
796	100	0	10	20	10.576	16.669	32.161	47.84	-35.83	-36.02
143	70	85	10	0	11.857	8.848	17.603	35.69	25.84	-30.38
622	70	0	85	0	19.587	30.837	10.691	62.37	-43.88	33.92
999	0	70	40	40	18.103	12.866	7.197	42.56	33.89	12.27
1335	0	0	60	0	73.820	78.198	24.022	90.87	-3.24	51.71
960	40	100	0	40	9.259	5.661	8.120	28.54	36.98	-15.54
752	40	70	0	20	16.957	12.819	18.440	42.49	28.02	-20.52
530	40	85	70	0	18.067	12.384	6.456	41.82	36.89	14.15
49	55	30	0	0	28.490	29.984	45.793	61.64	-1.63	-30.49
218	70	10	20	0	23.739	31.050	40.240	62.55	-25.20	-21.99
942	100	20	100	20	5.822	11.215	4.999	39.94	-44.96	17.90
393	85	55	40	0	10.206	12.009	16.936	41.23	-10.16	-19.30
40	40	30	0	0	36.500	36.315	47.775	66.76	4.97	-24.00
654	0	55	100	0	43.176	33.633	4.284	64.67	34.81	64.48
1085	40	100	0	60	6.002	3.850	5.131	23.17	29.32	-11.70
902	70	70	70	20	8.199	7.889	5.865	33.75	5.43	2.93
101	20	10	10	0	56.972	59.764	55.240	81.71	-1.60	-6.49
335	10	10	40	0	61.111	63.529	33.562	83.72	-0.34	23.75
488	0	10	70	0	66.446	67.369	16.541	85.69	3.32	58.28
692	40	85	100	0	17.284	12.002	3.345	41.22	35.28	29.95
373	55	30	40	0	24.719	27.891	24.390	59.79	-9.05	-2.55
360	30	100	40	0	20.662	11.852	9.432	40.98	53.60	1.18
405	100	100	40	0	5.076	4.490	9.947	25.23	9.68	-27.71
350	20	85	40	0	26.480	16.458	11.306	47.57	50.99	6.50
523	40	0	70	0	39.057	48.693	17.227	75.26	-23.41	38.70
1538	20	0	20	10	50.428	55.485	43.406	79.32	-8.02	2.90
751	40	40	0	20	22.734	21.424	28.751	53.41	9.71	-21.06
366	40	55	40	0	25.102	22.211	18.261	54.25	16.46	0.15
1445	3	3	40	0	71.960	75.379	36.805	89.57	-1.51	29.21
954	20	70	0	40	14.993	10.864	12.418	39.35	30.29	-10.95
870	100	20	40	20	7.625	12.352	16.726	41.77	-34.39	-17.88
633	85	20	85	0	11.367	19.019	8.944	50.71	-42.38	19.66
1045	100	100	70	40	2.834	2.792	3.343	19.19	2.62	-8.02
267	20	55	30	0	35.039	28.502	22.051	60.34	27.75	2.80
134	55	85	10	0	15.847	10.940	17.693	39.48	34.74	-24.05
560	100	10	70	0	9.280	18.260	13.927	49.81	-54.53	2.94
1123	0	40	40	60	13.607	12.122	6.765	41.41	12.86	12.10
935	70	10	100	20	12.495	18.815	5.246	50.47	-33.49	34.78
602	30	85	85	0	20.899	13.804	4.412	43.95	41.94	28.02
934	70	0	100	20	13.425	21.239	5.606	53.21	-39.17	37.72
605	40	10	85	0	34.494	41.551	10.061	70.56	-18.16	50.07
1339	0	0	25	0	79.718	83.264	50.889	93.13	-1.11	17.92
938	70	70	100	20	7.580	7.565	3.256	33.06	2.73	16.50
1605	70	40	70	10	12.597	15.469	9.597	46.27	-14.70	9.74
3	0	20	0	0	70.189	66.105	60.343	85.05	14.22	-5.96
809	10	10	20	20	42.927	44.272	32.693	72.41	0.71	5.54
271	30	0	30	0	51.434	58.997	42.849	81.29	-13.85	6.99
528	40	55	70	0	23.355	21.202	9.681	53.17	13.53	21.35
74	100	10	0	0	14.455	21.110	49.108	53.07	-32.10	-49.14
1404	10	6	6	100	1.893	1.983	1.673	15.40	-0.47	-0.40
465	70	55	55	0	13.646	14.642	13.386	45.14	-2.97	-3.66
648	100	100	85	0	3.935	3.975	4.181	23.59	1.50	-5.75
12	10	20	0	0	61.652	59.398	58.746	81.51	10.45	-10.46
497	10	10	70	0	57.476	60.446	16.248	82.08	-1.96	52.75
553	85	30	70	0	11.222	17.087	12.089	48.37	-33.34	5.55
1120	100	100	20	60	2.604	2.294	4.369	16.96	7.95	-18.27
53	55	85	0	0	16.296	11.119	20.221	39.78	36.01	-28.98
642	100	20	85	0	7.981	15.619	8.868	46.47	-51.36	12.62
655	0	70	100	0	37.747	25.940	3.540	57.98	46.89	57.54
907	100	40	70	20	5.599	8.858	7.893	35.71	-29.27	-2.31
693	40	100	100	0	15.955	9.893	2.980	37.65	43.25	26.39
286	40	70	30	0	22.219	16.992	16.964	48.25	29.60	-7.26
1516	10	10	0	10	55.668	56.204	54.417	79.73	3.71	-9.03
1166	100	0	70	60	3.685	6.673	5.049	31.05	-34.39	2.31
282	40	20	30	0	36.308	39.748	33.726	69.29	-6.57	-1.37
1569	40	10	40	10	32.010	37.191	26.095	67.42	-13.36	7.57
974	0	70	20	40	18.542	13.004	9.613	42.77	35.28	3.65
700	55	70	100	0	14.625	12.813	4.037	42.48	14.58	27.68
1114	70	70	20	60	4.465	4.051	5.729	23.84	7.82	-13.51
499	10	30	70	0	48.213	45.776	13.288	73.40	11.51	45.33
640	100	0	85	0	8.920	19.520	10.179	51.29	-63.91	16.46
98	10	85	10	0	31.907	18.815	17.437	50.47	59.33	-4.52
166	0	30	20	0	61.200	55.224	38.902	79.17	19.48	8.43
1420	3	3	0	3	74.901	76.736	69.346	90.20	1.87	-5.63
433	30	0	55	0	48.058	56.487	25.689	79.89	-16.89	29.78
386	70	85	40	0	10.835	8.518	11.526	35.04	21.28	-15.77
476	85	85	55	0	7.215	6.643	9.010	30.98	8.20	-14.59
1413	0	40	40	70	9.549	8.634	4.906	35.27	10.34	10.34
593	20	85	85	0	24.727	15.709	4.304	46.59	47.88	33.19
337	10	30	40	0	50.875	47.755	26.662	74.67	13.21	19.09
1471	3	40	0	40	24.183	20.818	19.894	52.75	18.98	-5.94
1097	0	20	20	60	16.419	15.928	11.312	46.88	6.10	5.29
175	10	30	20	0	52.951	49.159	37.773	75.55	14.84	3.71
1068	100	40	100	40	3.771	6.107	3.262	29.68	-27.18	10.63
1380	20	12	12	20	37.377	39.026	35.272	68.77	-0.82	-4.50
561	100	20	70	0	8.678	16.173	12.895	47.20	-48.34	1.24
469	85	0	55	0	15.211	26.035	21.998	58.07	-49.10	-1.01
482	100	40	55	0	8.035	12.494	14.948	41.99	-31.56	-13.18
313	85	70	30	0	9.157	9.160	16.220	36.29	2.73	-26.13
840	0	20	40	20	43.346	41.796	21.197	70.73	9.19	22.40
634	85	30	85	0	10.555	16.622	8.250	47.78	-35.73	17.14
2	0	10	0	0	77.129	76.066	68.114	89.89	7.72	-5.04
1254	70	70	100	80	2.217	2.313	1.306	17.05	-0.28	6.77
236	100	10	20	0	12.766	20.448	36.459	52.34	-39.73	-34.50
1403	20	12	12	100	1.755	1.852	1.583	14.69	-0.77	-0.62
437	30	40	55	0	32.827	31.443	16.875	62.88	9.13	18.17
1243	100	100	70	80	1.535	1.503	1.558	12.63	2.37	-3.89
1286	100	100	100	100	0.976	1.007	0.809	9.05	0.20	0.39
1575	40	20	70	10	26.878	30.684	12.084	62.24	-10.62	29.48
537	55	55	70	0	17.760	17.521	9.644	48.91	4.70	14.13
359	30	85	40	0	22.510	14.477	11.376	44.91	45.33	1.70
659	10	10	100	0	55.133	58.218	6.609	80.86	-2.50	80.79
1416	0	3	3	0	81.947	83.516	70.835	93.24	2.75	-1.73
1250	40	70	100	80	3.258	2.959	1.232	19.88	6.99	12.61
1580	40	40	70	10	22.296	22.679	9.845	54.74	1.98	23.51
75	100	20	0	0	13.293	18.612	44.426	50.23	-27.18	-48.51
355	30	30	40	0	37.477	37.769	25.701	67.85	3.47	9.00
179	10	85	20	0	31.634	18.815	15.215	50.47	58.34	0.77
739	10	40	0	20	34.302	29.787	30.602	61.47	20.36	-10.12
240	100	55	20	0	8.437	10.354	22.326	38.47	-12.81	-35.44
1492	0	10	10	10	61.823	61.413	48.172	82.60	6.15	2.85
118	40	0	10	0	46.747	54.152	57.966	78.55	-14.75	-14.77
955	20	100	0	40	12.097	6.944	8.021	31.68	44.79	-9.75
1515	10	0	70	10	51.505	56.717	15.211	80.02	-8.19	51.73
1591	70	10	0	10	21.481	26.587	44.930	58.59	-18.40	-34.71
195	30	55	20	0	30.817	25.720	25.413	57.77	23.88	-7.87
1532	10	70	10	10	30.235	20.800	19.444	52.73	43.44	-5.03
1252	70	0	100	80	3.017	4.441	1.757	25.08	-19.51	15.39
104	20	40	10	0	42.630	37.999	37.638	68.02	18.75	-9.09
1224	100	0	40	80	2.178	3.397	4.029	21.57	-20.61	-8.32
817	20	40	20	20	27.994	25.366	22.012	57.43	14.57	-2.14
133	55	70	10	0	18.316	14.635	22.488	45.13	23.93	-24.27
269	20	85	30	0	26.827	16.552	13.223	47.69	51.89	1.18
92	10	10	10	0	65.723	67.071	56.870	85.54	2.36	-1.59
766	0	0	10	20	55.401	57.536	44.234	80.48	-0.19	3.88
585	10	100	85	0	26.763	14.685	3.530	45.20	62.36	35.57
1261	0	40	0	100	1.864	1.704	1.356	13.85	5.53	0.62
673	20	70	100	0	27.341	20.064	3.718	51.91	35.77	45.92
455	55	40	55	0	21.401	23.163	16.326	55.24	-4.34	6.29
222	70	55	20	0	15.502	15.551	23.801	46.38	3.00	-24.59
988	70	40	20	40	8.647	9.560	13.164	37.04	-4.82	-17.02
157	100	30	10	0	11.414	15.883	34.578	46.82	-25.27	-41.35
521	30	85	70	0	21.418	14.061	6.362	44.32	42.81	18.88
651	0	20	100	0	58.764	57.001	6.068	80.18	9.35	82.04
1398	10	6	6	80	7.124	7.432	6.508	32.77	-0.41	-1.68
627	70	55	85	0	12.436	13.970	6.560	44.19	-6.82	17.78
1176	20	0	100	60	12.771	14.939	2.816	45.55	-10.43	41.25
356	30	40	40	0	34.013	32.203	22.681	63.51	10.57	7.05
993	100	40	20	40	5.167	6.780	12.440	31.30	-15.37	-24.89
1473	3	0	3	40	34.381	35.817	30.945	66.38	-0.53	-2.19
203	40	40	20	0	30.751	29.626	30.979	61.33	8.29	-10.95
122	40	40	10	0	31.819	30.262	36.115	61.88	9.83	-17.57
1106	40	0	20	60	11.629	13.652	12.609	43.73	-10.42	-3.94
852	20	20	40	20	32.192	33.184	20.232	64.31	0.70	13.29
1236	70	0	70	80	3.172	4.533	2.796	25.36	-18.06	6.59
406	0	0	55	0	74.539	78.836	27.250	91.16	-3.01	46.52
1319	0	25	0	0	66.756	61.263	56.478	82.52	17.67	-6.39
701	55	85	100	0	12.992	9.821	3.491	37.52	25.64	22.59
471	85	20	55	0	13.084	20.269	18.649	52.14	-36.77	-4.34
1187	70	20	100	60	5.119	7.090	2.611	32.01	-19.02	19.52
1507	0	70	10	10	34.830	23.428	19.759	55.51	47.86	-0.90
675	20	100	100	0	22.370	12.734	2.703	42.36	55.68	36.63
1304	5	0	0	0	79.586	82.899	75.676	92.97	-0.68	-6.43
472	85	30	55	0	12.036	17.594	17.017	49.00	-30.29	-6.09
1238	70	70	70	80	2.322	2.321	1.762	17.09	1.76	1.57
679	30	30	100	0	33.293	34.605	5.719	65.44	-0.26	58.26
1456	3	40	3	3	51.943	44.122	41.189	72.31	26.19	-6.39
1379	40	27	27	20	23.315	24.535	22.364	56.62	-1.52	-4.22
325	0	0	40	0	77.017	80.996	38.287	92.13	-2.16	31.60
1278	0	0	100	100	1.874	2.137	0.852	16.19	-4.31	11.95
377	55	85	40	0	14.663	10.514	11.522	38.75	30.89	-9.36
1040	70	100	70	40	4.847	3.830	3.247	23.10	16.00	-0.61
4	0	30	0	0	63.578	56.788	52.791	80.06	21.14	-6.71
1454	40	3	3	3	43.978	49.822	59.192	75.96	-11.50	-20.48
500	10	40	70	0	44.038	39.317	11.848	68.98	18.76	41.79
584	10	85	85	0	29.119	17.896	4.195	49.37	53.69	38.62
435	30	20	55	0	39.739	42.816	21.205	71.43	-4.76	23.59
1451	3	40	0	3	52.294	44.392	43.023	72.49	26.33	-8.40
1240	100	0	70	80	2.061	3.471	2.722	21.84	-24.34	1.10
487	0	0	70	0	72.468	76.931	18.192	90.29	-3.55	62.44
388	85	0	40	0	16.514	26.877	29.697	58.86	-45.00	-13.19
285	40	55	30	0	25.756	22.544	21.553	54.60	17.70	-6.12
610	40	70	85	0	19.785	15.792	5.394	46.70	24.65	27.54
812	10	70	20	20	24.633	17.255	14.082	48.58	38.90	0.41
306	70	100	30	0	10.101	6.940	11.370	31.67	30.23	-21.11
1579	40	40	40	10	24.134	23.883	18.747	55.97	4.89	2.05
771	0	100	10	20	23.070	12.154	9.960	41.46	62.73	0.23
1116	100	0	20	60	4.419	6.936	10.851	31.66	-26.50	-19.53
1197	0	40	0	80	6.520	5.784	5.108	28.86	10.34	-1.77
41	40	40	0	0	33.126	31.121	41.970	62.61	11.35	-24.11
501	10	55	70	0	38.404	30.825	9.778	62.36	30.12	36.87
424	20	0	55	0	56.136	63.434	26.237	83.67	-12.11	35.34
125	40	85	10	0	20.444	13.265	17.682	43.16	43.15	-17.68
915	0	100	100	20	20.942	11.623	2.027	40.61	56.54	39.47
597	30	20	85	0	37.350	40.849	9.202	70.07	-6.51	52.13
788	40	70	10	20	16.374	12.487	15.966	41.98	26.97	-15.71
525	40	20	70	0	32.527	37.084	14.233	67.34	-11.16	32.36
786	40	20	10	20	26.341	28.035	31.529	59.92	-2.81	-14.23
1592	70	10	10	10	20.756	26.384	38.954	58.40	-21.03	-27.45
1506	0	70	0	10	35.113	23.467	22.543	55.55	48.65	-6.41
1299	25	0	0	0	60.656	66.223	71.118	85.11	-7.40	-16.00
183	20	20	20	0	50.440	50.952	41.881	76.65	3.52	0.21
191	30	10	20	0	47.911	52.351	45.708	77.49	-6.95	-3.06
190	30	0	20	0	52.968	60.077	51.027	81.88	-12.40	-1.63
694	55	0	100	0	27.232	38.013	7.304	68.03	-34.15	55.75
1559	20	70	40	10	24.764	17.937	12.307	49.42	35.84	6.73
1186	70	0	100	60	5.885	8.956	2.946	35.90	-26.85	23.63
418	10	30	55	0	49.500	46.782	19.538	74.05	12.21	31.53
1568	40	10	20	10	34.053	38.517	36.740	68.40	-10.37	-7.20
1014	70	70	40	40	6.347	5.920	6.991	29.21	7.01	-9.89
211	55	30	20	0	26.486	28.908	33.931	60.70	-5.58	-16.48
1576	40	40	0	10	27.458	25.845	34.839	57.89	10.46	-22.64
508	20	30	70	0	41.088	40.551	13.104	69.86	6.17	39.73
196	30	70	20	0	26.605	19.433	19.812	51.19	35.90	-8.46
445	40	30	55	0	30.749	32.777	18.738	63.98	-3.14	15.88
559	100	0	70	0	9.924	20.556	15.060	52.46	-60.77	4.59
614	55	10	85	0	25.807	34.110	9.973	65.05	-27.13	40.86
109	30	0	10	0	54.561	61.170	59.813	82.47	-10.88	-9.88
1084	40	70	0	60	7.225	5.680	7.500	28.59	18.60	-13.04
1034	40	70	70	40	9.462	7.860	4.182	33.69	16.44	11.66
1405	100	0	0	70	3.620	5.194	9.951	27.28	-19.13	-24.19
821	40	10	20	20	27.960	31.623	30.182	63.03	-9.70	-6.77
1386	10	6	6	40	29.149	30.309	26.994	61.92	-0.29	-3.46
761	100	10	0	20	10.390	15.026	33.696	45.67	-27.89	-42.05
554	85	40	70	0	10.305	14.671	11.009	45.18	-26.43	3.29
343	20	0	40	0	58.252	65.109	36.436	84.54	-10.68	21.05
696	55	20	100	0	23.005	29.225	6.307	60.98	-21.70	47.85
1608	70	70	20	10	11.302	9.965	16.103	37.78	12.89	-23.28
892	40	0	70	20	26.539	33.209	12.373	64.33	-21.01	32.25
784	40	0	10	20	31.745	36.818	39.179	67.14	-13.11	-12.68
1442	40	40	3	0	32.721	30.849	40.169	62.38	10.91	-22.19
27	20	100	0	0	25.478	13.563	16.030	43.60	63.95	-13.07
534	55	20	70	0	24.665	30.637	13.947	62.20	-19.67	24.25
448	40	70	55	0	21.015	16.458	11.077	47.57	26.89	7.20
1509	0	70	40	10	33.812	23.163	12.494	55.24	45.52	16.23
908	100	70	70	20	4.372	5.439	5.872	27.95	-11.15	-7.10
1035	40	100	70	40	7.990	5.361	3.088	27.74	29.45	8.52
126	40	100	10	0	18.475	10.624	14.474	38.94	51.44	-17.23
253	10	0	30	0	68.753	73.995	45.256	88.92	-5.55	17.19
1052	20	20	100	40	18.579	19.852	3.528	51.67	-2.89	46.74
804	0	20	20	20	45.242	43.273	30.199	71.74	10.34	8.22
273	30	20	30	0	42.360	44.664	34.618	72.67	-2.10	3.16
421	10	70	55	0	34.384	24.112	11.044	56.20	43.36	22.18
1396	40	27	27	80	4.459	4.726	4.223	25.94	-1.31	-1.94
361	40	0	40	0	42.477	51.349	34.567	76.89	-19.94	10.51
1107	40	20	20	60	9.784	10.584	10.242	38.87	-3.30	-5.16
580	10	30	85	0	47.094	44.830	8.461	72.78	11.09	59.46
894	40	20	70	20	22.107	25.283	10.212	57.35	-10.14	26.80
846	10	20	40	20	37.403	37.258	20.680	67.47	4.87	17.82
173	10	10	20	0	64.048	65.850	48.250	84.92	1.26	6.76
177	10	55	20	0	41.563	32.569	26.173	63.81	33.69	1.21
708	70	55	100	0	12.076	13.742	4.771	43.86	-7.86	25.87
320	100	40	30	0	9.213	13.071	22.898	42.87	-25.17	-28.95
233	85	85	20	0	8.258	6.953	15.251	31.70	14.79	-31.68
878	0	70	70	20	26.807	18.773	5.798	50.42	40.04	31.99
1194	100	70	100	60	2.275	2.854	1.963	19.45	-9.39	3.60
589	20	30	85	0	40.082	39.707	8.391	69.26	5.66	53.65
212	55	40	20	0	23.990	24.637	29.974	56.72	1.03	-17.32
293	55	40	30	0	23.184	24.203	25.695	56.29	-0.68	-10.92
765	100	100	0	20	4.851	3.821	12.255	23.07	16.18	-38.55
806	0	70	20	20	28.511	19.503	14.334	51.27	43.15	4.39
1305	3	0	0	0	81.718	84.761	76.163	93.78	-0.02	-5.45
1323	0	7	0	0	79.428	79.411	70.670	91.42	5.69	-4.72
722	100	10	100	0	7.800	16.802	6.728	48.01	-59.66	23.64
1208	100	0	0	80	2.468	3.444	6.290	21.74	-15.31	-19.73
904	100	0	70	20	7.471	14.910	10.992	45.51	-51.97	3.91
502	10	70	70	0	33.601	23.684	7.807	55.77	42.50	32.61
88	0	70	10	0	42.126	28.090	23.559	59.97	51.94	-0.71
1394	80	65	65	80	2.090	2.252	1.964	16.76	-1.80	-1.05
1561	40	0	0	10	39.913	45.531	55.626	73.24	-12.02	-21.50
542	70	10	70	0	19.270	28.212	14.821	60.08	-35.60	18.33
841	0	40	40	20	36.377	31.479	16.645	62.91	21.16	18.76
473	85	40	55	0	11.004	15.063	15.377	45.72	-23.51	-7.82
532	55	0	70	0	29.305	39.930	16.762	69.42	-32.02	29.71
606	40	20	85	0	31.485	36.197	9.179	66.67	-12.03	46.35
1400	80	65	65	100	1.080	1.154	0.965	10.21	-1.09	-0.20
543	70	20	70	0	17.831	24.810	13.596	56.89	-29.32	16.03
208	55	0	20	0	34.790	43.689	47.038	72.02	-23.44	-14.07
1051	20	0	100	40	22.157	25.751	4.064	57.80	-11.85	53.93
194	30	40	20	0	35.748	33.222	31.589	64.34	12.90	-6.70
917	10	10	100	20	36.951	39.344	5.009	69.00	-3.20	67.95
1588	70	0	20	10	21.459	29.271	36.838	61.02	-28.98	-20.06
150	85	55	10	0	11.733	12.702	26.532	42.31	-3.57	-36.48
187	20	70	20	0	30.895	21.824	19.874	53.84	41.11	-4.02
1497	0	20	10	10	56.417	53.518	42.839	78.18	12.25	1.64
1209	100	40	0	80	2.162	2.545	4.672	18.12	-6.07	-17.97
76	100	30	0	0	12.154	16.203	39.868	47.24	-21.89	-47.90
1161	70	0	70	60	6.266	9.212	5.251	36.39	-24.80	10.48
779	20	10	10	20	38.303	40.268	37.271	69.66	-1.67	-5.76
1154	20	70	70	60	7.804	6.207	2.822	29.93	18.31	14.27
737	10	10	0	20	45.616	46.084	44.592	73.60	3.39	-8.42
963	70	40	0	40	9.356	9.932	17.431	37.72	-1.79	-26.49
1221	70	40	40	80	2.812	3.229	3.271	20.94	-5.32	-4.50
1455	0	40	3	3	54.087	45.653	41.518	73.32	27.36	-5.07
470	85	10	55	0	14.133	23.037	20.279	55.11	-42.88	-2.67
112	30	30	10	0	40.704	39.790	42.206	69.32	7.32	-12.84
1144	100	70	40	60	2.735	3.024	4.459	20.14	-3.29	-13.30
1054	20	70	100	40	12.350	9.576	2.292	37.07	23.29	30.93
617	55	40	85	0	19.710	22.012	7.572	54.04	-7.36	30.55
1520	10	10	70	10	47.124	49.741	13.765	75.91	-2.32	48.37
613	55	0	85	0	28.100	38.847	10.902	68.64	-33.33	44.07
820	40	0	20	20	30.773	36.223	33.717	66.69	-14.73	-5.84
270	20	100	30	0	24.580	13.509	10.802	43.52	60.48	1.07
1410	0	100	100	70	6.196	4.042	1.169	23.81	28.67	20.24
1066	100	0	100	40	4.944	10.032	4.235	37.90	-46.57	18.61
1402	40	27	27	100	1.501	1.592	1.359	13.18	-0.93	-0.57
1259	100	100	100	80	1.470	1.526	1.221	12.77	-0.02	0.50
992	100	20	20	40	6.019	8.843	15.195	35.68	-24.41	-24.68
396	85	100	40	0	6.921	5.457	9.925	28.00	18.14	-22.86
1426	7	0	7	0	76.070	79.989	67.426	91.68	-2.13	-1.32
535	55	30	70	0	22.506	26.437	12.644	58.45	-13.05	21.34
251	0	85	30	0	36.418	21.285	13.140	53.26	62.89	11.01
1274	40	100	40	100	1.329	1.102	0.807	9.81	8.63	1.73
1425	7	7	0	0	72.556	73.657	69.244	88.76	3.23	-8.02
1533	10	70	20	10	29.821	20.682	16.860	52.60	42.44	0.48
985	40	100	20	40	8.830	5.574	6.356	28.31	34.38	-8.70
94	10	30	10	0	54.150	49.920	44.242	76.02	15.88	-3.82
287	40	85	30	0	19.514	12.918	13.349	42.64	40.80	-7.87
1142	100	20	40	60	3.633	5.483	6.992	28.07	-22.34	-11.86
669	20	20	100	0	43.161	45.256	6.173	73.06	-1.40	69.28
291	55	20	30	0	28.138	32.962	32.383	64.13	-13.74	-8.27
459	55	100	55	0	12.956	8.419	7.632	34.84	36.96	-2.79
758	70	70	0	20	10.328	8.858	17.845	35.71	14.57	-30.89
244	0	0	30	0	78.808	82.511	46.494	92.80	-1.48	22.40
578	10	10	85	0	56.082	59.143	10.149	81.37	-2.33	68.42
1385	20	12	12	40	23.807	24.923	22.512	57.00	-0.98	-3.85
531	40	100	70	0	16.656	10.189	5.538	38.18	44.93	12.14
498	10	20	70	0	52.725	52.856	14.760	77.79	4.60	49.02
1279	0	40	100	100	1.704	1.744	0.763	14.08	0.59	9.89
1616	100	0	100	10	7.302	16.188	6.299	47.22	-60.96	24.16
1083	40	40	0	60	9.136	8.690	10.984	35.38	6.48	-13.53
384	70	55	40	0	14.385	15.012	17.489	45.65	-0.55	-12.95
257	10	40	30	0	47.173	41.407	27.942	70.46	21.31	9.67
916	10	0	100	20	40.322	44.785	5.392	72.75	-8.64	72.46
1443	3	0	40	0	73.917	78.417	38.020	90.97	-3.47	29.96
653	0	40	100	0	49.395	42.713	5.044	71.36	23.52	71.84
1534	10	70	40	10	29.032	20.403	12.377	52.29	40.77	11.48
896	40	70	70	20	14.052	11.372	5.823	40.20	20.88	14.25
382	70	30	40	0	18.338	22.717	23.469	54.78	-17.55	-9.49
699	55	55	100	0	16.733	16.850	4.666	48.07	2.73	33.70
517	30	30	70	0	34.902	35.948	12.961	66.48	0.82	34.30
87	0	55	10	0	48.772	37.044	31.121	67.31	39.29	-0.86
1091	100	0	0	60	4.867	7.116	14.080	32.07	-22.41	-28.05
415	10	0	55	0	64.795	70.764	26.753	87.37	-7.61	40.83
1137	70	20	40	60	5.931	7.533	7.384	32.99	-13.79	-4.99
1535	10	70	70	10	27.754	19.773	6.713	51.58	38.84	29.86
971	0	0	20	40	34.111	35.726	24.101	66.31	-1.16	9.22
1043	100	40	70	40	4.141	6.318	5.599	30.20	-24.04	-1.92
344	20	10	40	0	52.754	56.681	32.811	80.00	-4.85	18.45
1390	40	27	27	60	9.084	9.597	8.691	37.11	-1.41	-2.88
1566	40	10	0	10	36.390	39.804	49.807	69.33	-6.47	-21.90
986	70	0	20	40	11.884	16.027	19.738	47.01	-22.77	-15.51
304	70	70	30	0	12.826	11.457	16.545	40.34	12.39	-19.92
1459	3	0	40	3	69.619	73.910	36.009	88.88	-3.51	29.13
1606	70	70	0	10	12.126	10.359	21.275	38.48	15.68	-33.36
1092	100	20	0	60	4.317	5.776	11.859	28.84	-15.73	-27.45
1395	60	45	45	80	3.063	3.277	2.929	21.12	-1.65	-1.73
1432	0	0	7	7	72.620	75.186	60.160	89.48	0.26	1.86
712	85	0	100	0	12.087	23.163	7.196	55.24	-56.83	34.14
979	20	70	20	40	14.009	10.320	9.324	38.41	28.33	-2.88
1081	40	0	0	60	12.317	14.019	16.469	44.26	-7.93	-12.98
65	85	10	0	0	18.801	25.366	51.319	57.43	-26.57	-44.11
1429	7	0	0	7	67.588	70.722	65.555	87.35	-1.32	-7.04
1234	40	70	70	80	3.364	2.984	1.745	19.98	8.30	6.73
481	100	30	55	0	8.762	14.556	16.477	45.02	-38.23	-11.69
970	100	100	0	40	3.783	3.072	8.542	20.33	13.31	-31.27
556	85	70	70	0	7.784	8.609	7.954	35.22	-4.68	-3.39
46	55	0	0	0	37.571	45.256	64.155	73.06	-18.68	-30.35
687	40	20	100	0	30.767	35.544	6.249	66.17	-12.51	57.06
90	0	100	10	0	33.418	17.024	13.720	48.29	74.10	0.87
1180	20	100	100	60	6.440	4.307	1.416	24.66	27.61	18.52
1022	0	20	70	40	25.926	25.501	7.380	57.56	5.65	37.39
1145	100	100	40	60	2.428	2.242	3.491	16.71	5.57	-13.29
440	30	85	55	0	21.968	14.293	8.788	44.65	43.96	9.77
110	30	10	10	0	49.364	53.297	53.655	78.05	-5.40	-11.11
442	40	0	55	0	40.626	49.985	25.095	76.06	-21.97	24.23
628	70	70	85	0	10.813	10.555	5.581	38.82	4.82	13.03
1033	40	40	70	40	12.135	12.494	5.826	41.99	0.61	17.32
292	55	30	30	0	25.584	28.402	28.987	60.25	-7.37	-9.65
243	100	100	20	0	5.534	4.553	13.050	25.42	14.33	-36.74
961	70	0	0	40	12.854	16.497	26.131	47.62	-18.80	-26.63
25	20	70	0	0	32.613	22.794	26.735	54.86	42.94	-15.19
1247	0	100	100	80	4.136	2.876	0.966	19.54	21.84	15.87
665	10	85	100	0	28.528	17.562	2.960	48.96	53.17	46.04
1017	100	20	40	40	5.436	8.528	11.260	35.06	-28.37	-14.93
220	70	30	20	0	19.867	23.536	32.508	55.62	-13.39	-23.13
308	85	10	30	0	16.120	24.233	32.366	56.32	-36.28	-21.71
1306	2	0	0	0	82.787	85.691	76.386	94.18	0.31	-4.95
719	85	85	100	0	6.119	6.119	3.616	29.71	2.41	8.30
84	0	20	10	0	68.701	65.032	51.855	84.50	13.39	1.97
1132	40	20	40	60	9.297	10.331	7.733	38.43	-5.34	3.00
339	10	55	40	0	40.281	31.936	18.840	63.29	32.01	14.47
1612	100	0	0	10	13.297	20.135	44.972	51.99	-34.74	-46.14
172	10	0	20	0	70.539	75.400	54.083	89.58	-4.56	8.31
135	55	100	10	0	14.256	8.715	14.672	35.43	42.71	-23.79
755	70	10	0	20	17.914	22.126	36.992	54.16	-17.11	-32.10
239	100	40	20	0	9.769	13.332	26.653	43.26	-22.34	-35.05
582	10	55	85	0	37.533	30.204	6.400	61.83	29.60	48.90
728	100	85	100	0	4.212	4.942	3.599	26.57	-7.40	3.00
316	100	0	30	0	12.975	22.708	33.928	54.77	-48.82	-26.70
119	40	10	10	0	42.544	47.392	52.078	74.44	-9.18	-15.62
136	70	0	10	0	26.833	35.700	51.904	66.29	-28.26	-29.48
59	70	40	0	0	19.496	20.827	38.637	52.76	-2.91	-36.75
1501	0	40	0	10	47.429	40.085	37.847	69.53	26.03	-6.77
340	10	70	40	0	35.129	24.444	14.652	56.53	44.48	12.64
235	100	0	20	0	13.846	23.134	40.091	55.21	-45.11	-34.45
458	55	85	55	0	14.159	10.337	8.976	38.44	29.13	-1.61
1280	0	100	100	100	1.507	1.275	0.628	11.10	8.20	7.28
1607	70	70	10	10	11.714	10.155	18.552	38.12	14.36	-28.30
862	70	0	40	20	16.489	23.575	21.821	55.66	-31.35	-4.82
85	0	30	10	0	62.395	56.011	45.509	79.62	20.32	0.85
913	0	40	100	20	33.181	29.009	3.843	60.79	19.39	60.44
121	40	30	10	0	35.128	35.479	41.141	66.12	3.14	-17.00
656	0	85	100	0	33.249	19.852	2.821	51.67	58.94	51.76
193	30	30	20	0	39.510	39.067	36.144	68.80	5.86	-5.68
60	70	55	0	0	16.729	16.165	31.694	47.19	6.50	-36.43
621	55	100	85	0	12.206	8.148	4.104	34.29	34.29	13.16
939	70	100	100	20	6.239	4.877	2.571	26.38	18.06	10.14
266	20	40	30	0	40.508	36.711	27.421	67.06	16.46	4.68
1581	40	70	0	10	20.304	15.232	22.061	45.95	30.44	-22.03
1125	0	100	40	60	9.040	5.398	3.081	27.84	38.18	8.74
965	70	100	0	40	5.906	4.106	8.378	24.02	24.60	-24.30
1230	0	70	70	80	5.038	4.018	1.697	23.73	15.67	13.71
1207	70	100	0	80	2.386	1.814	2.717	14.48	14.33	-11.55
893	40	10	70	20	24.229	29.032	11.236	60.81	-15.56	29.54
1594	70	10	40	10	18.278	25.046	23.967	57.12	-27.95	-6.38
872	100	70	40	20	5.005	5.695	9.833	28.63	-5.85	-21.47
805	0	40	20	20	37.653	32.276	23.242	63.57	22.49	6.09
1373	10	6	6	0	68.922	71.340	63.493	87.65	0.29	-4.56
611	40	85	85	0	17.605	12.160	4.511	41.47	35.94	23.18
518	30	40	70	0	31.737	30.684	11.605	62.24	7.98	30.89
139	70	30	10	0	20.657	23.902	37.777	55.99	-11.12	-30.02
1384	40	27	27	40	15.177	16.004	14.580	46.98	-1.50	-3.64
79	100	70	0	0	8.078	8.119	24.160	34.23	2.27	-46.20
131	55	40	10	0	24.903	25.159	34.889	57.23	2.77	-23.85
38	40	10	0	0	44.051	48.167	60.415	74.93	-6.85	-23.48
1008	40	40	40	40	13.063	13.051	10.370	42.84	3.18	1.27
1117	100	20	20	60	3.924	5.604	9.145	28.39	-19.35	-19.53
664	10	70	100	0	32.240	22.843	3.619	54.91	41.39	51.73
42	40	55	0	0	28.389	24.052	33.725	56.14	21.68	-24.04
1364	0	0	0	5	77.016	79.389	69.684	91.41	0.94	-3.85
1152	20	20	70	60	11.292	12.040	4.591	41.28	-2.27	22.41
1134	40	70	40	60	6.375	5.266	4.481	27.48	14.77	-0.77
1138	70	40	40	60	5.155	5.900	6.147	29.16	-6.30	-6.29
1260	0	0	0	100	2.024	2.099	1.732	16.00	0.00	0.00
1348	0	0	0	98	2.358	2.450	2.033	17.69	-0.09	-0.11
1349	0	0	0	95	3.035	3.146	2.633	20.62	0.02	-0.30
1350	0	0	0	90	4.515	4.672	3.958	25.78	0.13	-0.63
1351	0	0	0	85	6.357	6.575	5.618	30.82	0.18	-0.94
1196	0	0	0	80	8.547	8.843	7.604	35.68	0.18	-1.23
1353	0	0	0	75	11.094	11.475	9.912	40.37	0.21	-1.49
1354	0	0	0	70	13.865	14.335	12.433	44.71	0.27	-1.75
1639	0	0	0	65	16.839	17.400	15.136	48.76	0.34	-1.98
1071	0	0	0	60	20.210	20.873	18.205	52.81	0.41	-2.21
1640	0	0	0	55	23.748	24.525	21.425	56.61	0.44	-2.40
1356	0	0	0	50	27.663	28.570	24.994	60.40	0.46	-2.59
1641	0	0	0	45	31.650	32.679	28.614	63.90	0.51	-2.75
946	0	0	0	40	35.999	37.164	32.561	67.40	0.55	-2.90
1642	0	0	0	35	40.663	41.970	36.801	70.85	0.60	-3.06
1358	0	0	0	30	45.709	47.173	41.393	74.30	0.64	-3.22
1359	0	0	0	25	51.018	52.637	46.213	77.66	0.70	-3.37
730	0	0	0	20	56.985	58.779	51.609	81.17	0.76	-3.50
1361	0	0	0	15	62.986	64.954	57.032	84.46	0.82	-3.62
1362	0	0	0	10	69.636	71.795	63.026	87.87	0.88	-3.73
1643	0	0	0	8	71.795	74.016	64.977	88.93	0.90	-3.77
1646	0	0	0	6	75.497	77.825	68.317	90.70	0.93	-3.83
1632	0	0	0	4	78.533	80.951	71.050	92.11	0.95	-3.87
1366	0	0	0	2	81.712	84.229	73.925	93.55	0.96	-3.92
729	100	100	100	0	3.664	3.800	3.136	23.00	0.00	0.00
1645	98	96.94	96.94	0	4.069	4.218	3.493	24.38	0.02	-0.08
1633	95	92.47	92.47	0	4.728	4.901	4.077	26.45	0.04	-0.20
1634	90	85.34	85.34	0	5.977	6.191	5.189	29.89	0.08	-0.41
1635	85	78.59	78.59	0	7.431	7.695	6.488	33.34	0.11	-0.61
1636	80	72.19	72.19	0	9.101	9.420	7.983	36.78	0.15	-0.81
1637	75	66.12	66.12	0	11.008	11.390	9.699	40.23	0.19	-1.02
1638	70	60.37	60.37	0	13.166	13.618	11.642	43.68	0.23	-1.22
1625	65	54.9	54.9	0	15.581	16.111	13.822	47.12	0.27	-1.42
1626	60	49.69	49.69	0	18.281	18.900	16.266	50.57	0.30	-1.62
1627	55	44.74	44.74	0	21.269	21.984	18.979	54.01	0.34	-1.83
1611	50	40	40	0	24.576	25.397	21.982	57.46	0.38	-2.03
1628	45	35.46	35.46	0	28.546	29.488	25.577	61.21	0.44	-2.23
1629	40	31.11	31.11	0	32.934	34.009	29.550	64.97	0.50	-2.42
1630	35	26.9	26.9	0	37.739	38.957	33.909	68.72	0.57	-2.62
1631	30	22.84	22.84	0	43.002	44.377	38.689	72.48	0.63	-2.82
1618	25	18.88	18.88	0	48.717	50.262	43.885	76.23	0.69	-3.02
1619	20	15.01	15.01	0	54.917	56.646	49.518	79.98	0.75	-3.21
1620	15	11.21	11.21	0	61.640	63.567	55.639	83.74	0.81	-3.41
1621	10	7.46	7.46	0	68.876	71.010	62.228	87.49	0.88	-3.61
1622	8	5.96	5.96	0	71.917	74.143	64.991	88.99	0.90	-3.68
1623	6	4.47	4.47	0	75.074	77.388	67.865	90.50	0.93	-3.76
1624	4	2.98	2.98	0	78.294	80.704	70.804	92.00	0.95	-3.84
1644	2	1.49	1.49	0	81.611	84.114	73.826	93.50	0.98	-3.92
1470	40	3	0	40	20.603	23.222	27.997	55.30	-8.41	-16.56
END_DATA
